Frequency (Hz)	Level (dB)
5.383301	-25.124477
10.766602	-27.372974
16.149902	-33.465855
21.533203	-38.337322
26.916504	-47.160328
32.299805	-51.912594
37.683105	-52.360439
43.066406	-48.741165
48.449707	-47.878075
53.833008	-50.940353
59.216309	-54.215527
64.599609	-56.614723
69.982910	-54.970154
75.366211	-54.953262
80.749512	-57.167034
86.132812	-60.200317
91.516113	-63.360832
96.899414	-64.505928
102.282715	-64.815331
107.666016	-64.647644
113.049316	-61.915470
118.432617	-56.490662
123.815918	-58.679939
129.199219	-63.812111
134.582520	-60.771458
139.965820	-60.733330
145.349121	-62.818184
150.732422	-60.843758
156.115723	-62.786594
161.499023	-67.012985
166.882324	-67.368317
172.265625	-65.889526
177.648926	-63.926605
183.032227	-61.147434
188.415527	-59.924328
193.798828	-61.178574
199.182129	-62.185997
204.565430	-63.968876
209.948730	-65.154587
215.332031	-59.450394
220.715332	-56.383606
226.098633	-57.175907
231.481934	-59.846821
236.865234	-60.063786
242.248535	-59.162170
247.631836	-61.062012
253.015137	-61.882565
258.398438	-60.881355
263.781738	-60.638329
269.165039	-61.419262
274.548340	-61.446484
279.931641	-59.937546
285.314941	-58.402885
290.698242	-58.015156
296.081543	-54.929180
301.464844	-50.170788
306.848145	-53.074886
312.231445	-54.360043
317.614746	-53.096245
322.998047	-52.810478
328.381348	-50.447819
333.764648	-48.654011
339.147949	-48.701855
344.531250	-52.422791
349.914551	-51.935780
355.297852	-45.717304
360.681152	-47.569649
366.064453	-55.937836
371.447754	-55.822220
376.831055	-54.742851
382.214355	-53.190495
387.597656	-53.717552
392.980957	-54.027599
398.364258	-53.896366
403.747559	-52.960690
409.130859	-50.467400
414.514160	-49.016579
419.897461	-48.723904
425.280762	-47.773109
430.664062	-46.463654
436.047363	-45.803185
441.430664	-46.787922
446.813965	-48.609806
452.197266	-48.605839
457.580566	-48.315472
462.963867	-49.296078
468.347168	-48.941170
473.730469	-49.776527
479.113770	-51.114708
484.497070	-52.588558
489.880371	-53.635918
495.263672	-53.457279
500.646973	-54.065430
506.030273	-53.815403
511.413574	-54.785915
516.796875	-54.164394
522.180176	-54.536114
527.563477	-53.765923
532.946777	-55.061214
538.330078	-58.176552
543.713379	-55.232090
549.096680	-54.633633
554.479980	-54.529339
559.863281	-56.459526
565.246582	-58.123714
570.629883	-57.914791
576.013184	-57.042919
581.396484	-56.700260
586.779785	-57.155087
592.163086	-58.496899
597.546387	-58.992043
602.929688	-59.582764
608.312988	-58.015438
613.696289	-57.302830
619.079590	-58.595520
624.462891	-58.015106
629.846191	-57.389660
635.229492	-59.721176
640.612793	-59.662464
645.996094	-58.838642
651.379395	-58.561153
656.762695	-57.563335
662.145996	-57.616665
667.529297	-61.143333
672.912598	-61.567078
678.295898	-59.974289
683.679199	-59.755451
689.062500	-61.121811
694.445801	-60.302204
699.829102	-59.026009
705.212402	-57.883385
710.595703	-60.001835
715.979004	-61.709534
721.362305	-61.631134
726.745605	-61.967857
732.128906	-62.981304
737.512207	-60.498493
742.895508	-60.889805
748.278809	-60.880108
753.662109	-59.726494
759.045410	-59.604046
764.428711	-62.614819
769.812012	-61.595291
775.195312	-59.836857
780.578613	-60.366661
785.961914	-60.346062
791.345215	-59.632561
796.728516	-61.065311
802.111816	-61.901588
807.495117	-61.059010
812.878418	-60.046314
818.261719	-60.139065
823.645020	-59.943874
829.028320	-60.492043
834.411621	-61.941406
839.794922	-60.933258
845.178223	-63.252174
850.561523	-63.200668
855.944824	-62.653477
861.328125	-63.190197
866.711426	-59.902306
872.094727	-59.151531
877.478027	-61.679623
882.861328	-63.082142
888.244629	-63.150955
893.627930	-62.936714
899.011230	-61.921986
904.394531	-62.874149
909.777832	-63.262241
915.161133	-62.786144
920.544434	-62.456398
925.927734	-60.889473
931.311035	-60.903355
936.694336	-62.926918
942.077637	-61.672489
947.460938	-60.718880
952.844238	-60.984314
958.227539	-62.252487
963.610840	-62.029140
968.994141	-63.671181
974.377441	-65.852043
979.760742	-61.653294
985.144043	-59.898930
990.527344	-64.737656
995.910645	-65.908844
1001.293945	-63.518036
1006.677246	-63.279068
1012.060547	-63.516621
1017.443848	-62.534824
1022.827148	-63.815395
1028.210449	-63.852287
1033.593750	-62.453758
1038.977051	-62.542747
1044.360352	-64.025185
1049.743652	-63.959213
1055.126953	-63.280094
1060.510254	-61.150547
1065.893555	-61.186146
1071.276855	-62.534344
1076.660156	-59.632252
1082.043457	-59.565987
1087.426758	-62.662621
1092.810059	-62.515343
1098.193359	-62.455612
1103.576660	-62.164898
1108.959961	-62.580257
1114.343262	-64.222816
1119.726562	-63.930023
1125.109863	-63.622982
1130.493164	-64.267967
1135.876465	-64.531723
1141.259766	-63.595856
1146.643066	-63.094547
1152.026367	-62.665768
1157.409668	-61.501629
1162.792969	-63.441429
1168.176270	-62.046261
1173.559570	-60.169479
1178.942871	-59.967533
1184.326172	-61.586437
1189.709473	-59.892666
1195.092773	-61.315933
1200.476074	-63.380714
1205.859375	-60.402248
1211.242676	-60.318714
1216.625977	-61.443588
1222.009277	-59.433552
1227.392578	-60.368343
1232.775879	-60.372185
1238.159180	-60.253807
1243.542480	-60.641865
1248.925781	-61.765869
1254.309082	-61.002117
1259.692383	-59.543541
1265.075684	-62.884903
1270.458984	-61.410732
1275.842285	-59.342651
1281.225586	-58.724487
1286.608887	-58.997814
1291.992188	-62.677223
1297.375488	-61.970840
1302.758789	-63.577484
1308.142090	-62.289993
1313.525391	-60.294434
1318.908691	-62.566029
1324.291992	-64.783173
1329.675293	-62.042999
1335.058594	-62.034916
1340.441895	-62.216309
1345.825195	-60.741203
1351.208496	-59.365314
1356.591797	-59.299744
1361.975098	-60.080585
1367.358398	-61.269474
1372.741699	-59.318096
1378.125000	-58.467346
1383.508301	-58.340752
1388.891602	-58.535507
1394.274902	-60.940758
1399.658203	-59.885956
1405.041504	-61.406860
1410.424805	-59.734104
1415.808105	-58.421455
1421.191406	-59.824898
1426.574707	-60.416603
1431.958008	-59.632874
1437.341309	-60.300247
1442.724609	-61.425766
1448.107910	-62.328110
1453.491211	-59.731216
1458.874512	-60.258945
1464.257812	-61.289417
1469.641113	-61.565769
1475.024414	-61.260818
1480.407715	-62.458111
1485.791016	-63.551968
1491.174316	-61.770771
1496.557617	-60.245934
1501.940918	-60.004295
1507.324219	-60.479084
1512.707520	-60.755337
1518.090820	-61.677380
1523.474121	-59.099899
1528.857422	-59.848518
1534.240723	-60.746136
1539.624023	-60.475750
1545.007324	-59.882450
1550.390625	-61.453030
1555.773926	-59.905804
1561.157227	-59.760307
1566.540527	-59.159416
1571.923828	-60.849033
1577.307129	-62.634228
1582.690430	-62.268238
1588.073730	-60.542202
1593.457031	-58.789684
1598.840332	-58.735924
1604.223633	-59.214092
1609.606934	-58.619377
1614.990234	-60.972252
1620.373535	-60.221539
1625.756836	-58.543518
1631.140137	-59.603870
1636.523438	-58.849792
1641.906738	-58.516033
1647.290039	-58.929474
1652.673340	-56.543354
1658.056641	-57.073822
1663.439941	-58.244198
1668.823242	-59.081028
1674.206543	-59.643860
1679.589844	-59.521481
1684.973145	-59.549595
1690.356445	-59.380230
1695.739746	-58.778900
1701.123047	-58.679325
1706.506348	-58.481800
1711.889648	-58.903706
1717.272949	-58.929184
1722.656250	-58.164703
1728.039551	-59.539944
1733.422852	-59.059017
1738.806152	-58.370205
1744.189453	-56.387688
1749.572754	-56.801697
1754.956055	-57.593174
1760.339355	-56.714844
1765.722656	-57.972393
1771.105957	-59.357334
1776.489258	-56.393921
1781.872559	-56.744392
1787.255859	-57.127926
1792.639160	-56.830635
1798.022461	-57.162712
1803.405762	-56.897255
1808.789062	-57.241417
1814.172363	-55.450111
1819.555664	-54.738907
1824.938965	-54.566349
1830.322266	-55.543316
1835.705566	-56.063446
1841.088867	-55.697227
1846.472168	-54.692055
1851.855469	-52.783726
1857.238770	-53.739006
1862.622070	-53.551403
1868.005371	-55.678608
1873.388672	-54.516697
1878.771973	-53.805374
1884.155273	-53.222145
1889.538574	-53.963951
1894.921875	-55.716137
1900.305176	-55.103680
1905.688477	-55.444695
1911.071777	-55.390167
1916.455078	-56.034760
1921.838379	-54.662254
1927.221680	-54.759758
1932.604980	-53.316441
1937.988281	-52.530155
1943.371582	-53.218506
1948.754883	-54.813274
1954.138184	-53.876160
1959.521484	-53.697613
1964.904785	-54.047344
1970.288086	-55.323784
1975.671387	-53.099937
1981.054688	-51.815144
1986.437988	-54.687614
1991.821289	-56.058838
1997.204590	-57.143257
2002.587891	-54.485916
2007.971191	-53.926144
2013.354492	-55.541710
2018.737793	-55.085655
2024.121094	-53.558475
2029.504395	-51.866379
2034.887695	-51.264763
2040.270996	-52.079174
2045.654297	-52.945118
2051.037598	-52.140804
2056.420898	-49.770264
2061.804199	-50.920406
2067.187500	-51.941586
2072.570801	-50.662025
2077.954102	-49.999100
2083.337402	-50.843403
2088.720703	-52.218098
2094.104004	-53.062290
2099.487305	-50.583115
2104.870605	-49.840797
2110.253906	-52.190086
2115.637207	-52.692013
2121.020508	-52.483585
2126.403809	-50.807220
2131.787109	-52.477081
2137.170410	-52.588745
2142.553711	-52.325001
2147.937012	-52.226189
2153.320312	-52.092541
2158.703613	-50.833233
2164.086914	-51.417847
2169.470215	-52.427979
2174.853516	-51.617970
2180.236816	-52.637104
2185.620117	-53.179050
2191.003418	-50.791611
2196.386719	-50.073074
2201.770020	-51.631573
2207.153320	-52.698486
2212.536621	-52.474831
2217.919922	-51.955021
2223.303223	-52.001095
2228.686523	-51.308418
2234.069824	-49.981907
2239.453125	-49.602299
2244.836426	-51.508484
2250.219727	-49.375069
2255.603027	-49.996475
2260.986328	-51.834923
2266.369629	-51.699913
2271.752930	-48.803886
2277.136230	-49.068836
2282.519531	-48.742924
2287.902832	-49.352013
2293.286133	-51.246117
2298.669434	-51.059139
2304.052734	-50.571613
2309.436035	-50.424755
2314.819336	-51.148182
2320.202637	-48.175709
2325.585938	-48.608494
2330.969238	-49.076881
2336.352539	-50.585205
2341.735840	-52.148613
2347.119141	-49.080685
2352.502441	-48.908051
2357.885742	-51.772224
2363.269043	-49.752995
2368.652344	-47.315163
2374.035645	-47.732586
2379.418945	-48.459099
2384.802246	-49.004921
2390.185547	-50.497128
2395.568848	-49.784653
2400.952148	-48.146652
2406.335449	-46.425774
2411.718750	-48.899315
2417.102051	-50.666569
2422.485352	-48.732971
2427.868652	-48.665432
2433.251953	-48.674072
2438.635254	-47.726921
2444.018555	-49.223927
2449.401855	-50.540791
2454.785156	-50.353901
2460.168457	-51.466766
2465.551758	-51.740810
2470.935059	-50.042412
2476.318359	-50.070213
2481.701660	-49.945961
2487.084961	-51.038166
2492.468262	-50.697372
2497.851562	-51.389446
2503.234863	-51.974243
2508.618164	-50.087822
2514.001465	-49.807140
2519.384766	-48.743660
2524.768066	-49.679649
2530.151367	-52.334606
2535.534668	-53.271034
2540.917969	-52.020119
2546.301270	-51.252842
2551.684570	-50.899761
2557.067871	-51.924702
2562.451172	-52.302101
2567.834473	-51.403679
2573.217773	-53.294136
2578.601074	-54.543682
2583.984375	-54.955738
2589.367676	-53.425495
2594.750977	-52.360847
2600.134277	-53.882465
2605.517578	-51.889687
2610.900879	-54.492138
2616.284180	-55.550735
2621.667480	-55.247135
2627.050781	-54.458130
2632.434082	-53.130524
2637.817383	-55.184654
2643.200684	-52.541157
2648.583984	-51.496052
2653.967285	-52.450687
2659.350586	-52.802475
2664.733887	-54.602512
2670.117188	-53.771809
2675.500488	-52.919952
2680.883789	-53.463673
2686.267090	-55.143593
2691.650391	-53.354053
2697.033691	-53.587826
2702.416992	-55.838497
2707.800293	-56.391586
2713.183594	-56.681164
2718.566895	-55.216644
2723.950195	-54.645832
2729.333496	-56.075817
2734.716797	-57.559998
2740.100098	-55.223137
2745.483398	-56.496235
2750.866699	-54.684830
2756.250000	-53.751945
2761.633301	-54.673100
2767.016602	-54.090935
2772.399902	-55.817272
2777.783203	-56.999458
2783.166504	-56.551147
2788.549805	-54.742714
2793.933105	-51.459007
2799.316406	-50.844578
2804.699707	-52.752205
2810.083008	-55.886177
2815.466309	-55.647633
2820.849609	-57.205357
2826.232910	-58.017662
2831.616211	-57.405766
2836.999512	-56.371674
2842.382812	-54.222916
2847.766113	-53.244476
2853.149414	-53.606930
2858.532715	-53.456310
2863.916016	-52.636066
2869.299316	-53.863762
2874.682617	-55.174843
2880.065918	-56.121243
2885.449219	-56.634373
2890.832520	-55.662983
2896.215820	-55.889606
2901.599121	-55.036655
2906.982422	-55.274136
2912.365723	-54.415035
2917.749023	-53.615803
2923.132324	-53.120026
2928.515625	-53.920868
2933.898926	-53.765457
2939.282227	-51.614441
2944.665527	-50.452057
2950.048828	-49.024700
2955.432129	-49.733963
2960.815430	-52.032162
2966.198730	-51.579559
2971.582031	-49.928661
2976.965332	-51.387520
2982.348633	-52.543285
2987.731934	-50.125843
2993.115234	-50.289379
2998.498535	-52.635967
3003.881836	-53.233875
3009.265137	-50.435146
3014.648438	-51.721104
3020.031738	-52.407467
3025.415039	-54.915825
3030.798340	-54.949120
3036.181641	-54.623997
3041.564941	-53.581757
3046.948242	-53.432060
3052.331543	-53.905708
3057.714844	-52.840454
3063.098145	-52.686596
3068.481445	-52.744194
3073.864746	-54.699879
3079.248047	-54.313168
3084.631348	-54.079262
3090.014648	-55.342293
3095.397949	-56.445694
3100.781250	-56.037766
3106.164551	-54.291405
3111.547852	-54.110001
3116.931152	-56.706482
3122.314453	-57.147743
3127.697754	-56.148270
3133.081055	-58.463749
3138.464355	-59.091133
3143.847656	-56.791958
3149.230957	-56.807106
3154.614258	-57.258598
3159.997559	-57.568226
3165.380859	-57.698704
3170.764160	-56.892155
3176.147461	-57.082394
3181.530762	-56.640911
3186.914062	-54.509777
3192.297363	-55.133507
3197.680664	-57.410244
3203.063965	-57.166199
3208.447266	-55.180840
3213.830566	-55.686874
3219.213867	-56.987778
3224.597168	-57.853081
3229.980469	-58.482231
3235.363770	-56.255810
3240.747070	-55.117371
3246.130371	-54.931126
3251.513672	-56.456871
3256.896973	-57.673912
3262.280273	-57.126369
3267.663574	-55.778233
3273.046875	-55.098347
3278.430176	-55.301708
3283.813477	-56.685074
3289.196777	-55.172649
3294.580078	-53.357529
3299.963379	-51.849316
3305.346680	-51.020733
3310.729980	-51.828209
3316.113281	-51.571739
3321.496582	-50.390488
3326.879883	-49.949108
3332.263184	-51.312866
3337.646484	-52.893623
3343.029785	-53.980350
3348.413086	-53.171272
3353.796387	-54.144806
3359.179688	-54.140396
3364.562988	-51.945694
3369.946289	-50.350864
3375.329590	-50.019962
3380.712891	-51.476479
3386.096191	-52.964603
3391.479492	-52.613308
3396.862793	-53.148567
3402.246094	-54.886982
3407.629395	-54.150322
3413.012695	-52.222092
3418.395996	-53.037033
3423.779297	-54.677387
3429.162598	-53.703320
3434.545898	-55.924656
3439.929199	-56.683292
3445.312500	-55.589085
3450.695801	-56.612316
3456.079102	-55.310165
3461.462402	-56.681690
3466.845703	-57.237278
3472.229004	-57.563274
3477.612305	-56.925919
3482.995605	-56.783108
3488.378906	-56.413204
3493.762207	-56.689560
3499.145508	-56.603416
3504.528809	-55.883160
3509.912109	-57.958504
3515.295410	-56.482914
3520.678711	-56.804478
3526.062012	-59.012733
3531.445312	-60.524284
3536.828613	-61.011452
3542.211914	-62.916359
3547.595215	-63.527157
3552.978516	-62.703053
3558.361816	-61.748508
3563.745117	-61.404400
3569.128418	-63.076195
3574.511719	-63.766708
3579.895020	-61.558914
3585.278320	-61.289463
3590.661621	-62.773685
3596.044922	-63.709839
3601.428223	-62.911011
3606.811523	-61.007690
3612.194824	-60.462982
3617.578125	-62.058407
3622.961426	-63.795910
3628.344727	-64.043205
3633.728027	-66.551979
3639.111328	-64.795494
3644.494629	-61.054352
3649.877930	-62.047195
3655.261230	-61.889156
3660.644531	-62.203247
3666.027832	-61.230011
3671.411133	-62.097542
3676.794434	-64.751328
3682.177734	-63.745293
3687.561035	-62.561913
3692.944336	-62.106800
3698.327637	-61.273834
3703.710938	-61.440456
3709.094238	-61.297077
3714.477539	-61.674175
3719.860840	-63.170994
3725.244141	-62.955250
3730.627441	-60.297199
3736.010742	-58.990009
3741.394043	-59.875740
3746.777344	-57.025501
3752.160645	-57.520123
3757.543945	-58.462940
3762.927246	-58.710373
3768.310547	-59.070053
3773.693848	-59.538559
3779.077148	-58.166672
3784.460449	-56.907673
3789.843750	-54.358280
3795.227051	-55.191631
3800.610352	-58.439571
3805.993652	-59.059879
3811.376953	-56.238270
3816.760254	-55.077629
3822.143555	-54.510227
3827.526855	-55.319996
3832.910156	-57.381546
3838.293457	-57.016880
3843.676758	-57.256405
3849.060059	-55.482807
3854.443359	-55.062767
3859.826660	-55.297039
3865.209961	-54.427795
3870.593262	-54.053913
3875.976562	-54.538113
3881.359863	-53.386074
3886.743164	-52.612175
3892.126465	-51.752819
3897.509766	-50.334717
3902.893066	-51.479866
3908.276367	-52.841011
3913.659668	-53.310818
3919.042969	-52.983330
3924.426270	-51.070797
3929.809570	-51.331120
3935.192871	-51.837166
3940.576172	-51.840229
3945.959473	-51.302284
3951.342773	-50.422009
3956.726074	-49.954998
3962.109375	-51.892071
3967.492676	-51.118752
3972.875977	-51.505146
3978.259277	-51.157810
3983.642578	-51.387856
3989.025879	-51.244766
3994.409180	-50.154274
3999.792480	-52.972057
4005.175781	-52.619251
4010.559082	-50.408596
4015.942383	-50.818451
4021.325684	-50.944542
4026.708984	-49.718224
4032.092285	-50.300560
4037.475586	-50.318695
4042.858887	-49.632450
4048.242188	-49.776737
4053.625488	-50.499393
4059.008789	-49.491905
4064.392090	-50.349606
4069.775391	-50.058414
4075.158691	-49.216156
4080.541992	-49.110203
4085.925293	-48.531750
4091.308594	-47.895920
4096.691895	-47.566540
4102.075195	-50.221786
4107.458496	-51.470390
4112.841797	-50.998791
4118.225098	-51.016632
4123.608398	-49.805626
4128.991699	-48.031715
4134.375000	-47.056782
4139.758301	-48.573105
4145.141602	-47.772022
4150.524902	-47.915409
4155.908203	-48.757870
4161.291504	-47.846462
4166.674805	-48.277813
4172.058105	-47.782383
4177.441406	-46.547485
4182.824707	-44.973583
4188.208008	-48.881710
4193.591309	-47.661869
4198.974609	-45.915653
4204.357910	-47.483055
4209.741211	-47.095161
4215.124512	-46.328094
4220.507812	-48.917068
4225.891113	-48.361954
4231.274414	-47.087399
4236.657715	-47.476913
4242.041016	-47.099682
4247.424316	-47.657108
4252.807617	-48.506516
4258.190918	-49.021400
4263.574219	-51.342472
4268.957520	-52.210350
4274.340820	-51.780098
4279.724121	-50.686771
4285.107422	-51.519951
4290.490723	-52.473972
4295.874023	-50.385712
4301.257324	-50.855793
4306.640625	-50.359890
4312.023926	-49.515125
4317.407227	-52.429016
4322.790527	-54.294144
4328.173828	-55.228863
4333.557129	-54.463223
4338.940430	-54.839520
4344.323730	-55.532784
4349.707031	-56.442684
4355.090332	-55.382668
4360.473633	-55.217377
4365.856934	-55.016697
4371.240234	-55.752285
4376.623535	-56.556469
4382.006836	-55.878132
4387.390137	-56.665062
4392.773438	-57.040020
4398.156738	-58.250389
4403.540039	-57.494682
4408.923340	-55.889084
4414.306641	-57.491611
4419.689941	-58.399273
4425.073242	-56.933167
4430.456543	-57.977592
4435.839844	-56.972187
4441.223145	-56.321163
4446.606445	-56.264660
4451.989746	-57.948490
4457.373047	-57.360023
4462.756348	-57.084637
4468.139648	-56.842590
4473.522949	-57.855816
4478.906250	-58.034298
4484.289551	-58.421875
4489.672852	-56.437374
4495.056152	-56.141335
4500.439453	-57.077759
4505.822754	-60.127048
4511.206055	-58.737015
4516.589355	-58.771023
4521.972656	-58.478382
4527.355957	-57.462086
4532.739258	-59.640373
4538.122559	-60.070679
4543.505859	-62.868988
4548.889160	-62.762459
4554.272461	-60.904564
4559.655762	-58.973808
4565.039062	-60.351837
4570.422363	-62.060917
4575.805664	-61.236183
4581.188965	-60.392708
4586.572266	-62.618790
4591.955566	-62.772320
4597.338867	-62.846306
4602.722168	-62.858906
4608.105469	-64.012703
4613.488770	-65.013817
4618.872070	-66.287300
4624.255371	-66.675400
4629.638672	-65.671906
4635.021973	-64.231232
4640.405273	-63.869629
4645.788574	-67.715965
4651.171875	-65.635277
4656.555176	-65.136559
4661.938477	-65.115379
4667.321777	-64.379318
4672.705078	-67.368309
4678.088379	-67.317200
4683.471680	-68.211494
4688.854980	-66.881737
4694.238281	-66.456207
4699.621582	-67.494354
4705.004883	-68.034462
4710.388184	-67.213295
4715.771484	-66.900543
4721.154785	-68.645409
4726.538086	-67.957748
4731.921387	-67.334663
4737.304688	-69.146439
4742.687988	-70.337326
4748.071289	-69.075394
4753.454590	-69.344513
4758.837891	-70.101044
4764.221191	-70.058517
4769.604492	-68.111092
4774.987793	-67.330299
4780.371094	-67.992531
4785.754395	-72.062950
4791.137695	-71.419296
4796.520996	-71.783012
4801.904297	-72.796829
4807.287598	-70.903725
4812.670898	-70.708382
4818.054199	-70.605568
4823.437500	-72.084816
4828.820801	-73.070374
4834.204102	-72.098305
4839.587402	-72.872421
4844.970703	-73.641861
4850.354004	-74.003777
4855.737305	-75.407219
4861.120605	-75.354698
4866.503906	-74.222969
4871.887207	-74.330063
4877.270508	-74.779892
4882.653809	-75.784882
4888.037109	-74.498817
4893.420410	-75.118500
4898.803711	-77.566414
4904.187012	-78.337715
4909.570312	-79.627785
4914.953613	-80.749260
4920.336914	-81.583199
4925.720215	-81.028084
4931.103516	-81.633987
4936.486816	-82.552452
4941.870117	-84.024994
4947.253418	-85.667900
4952.636719	-85.402817
4958.020020	-83.425423
4963.403320	-84.640511
4968.786621	-86.394188
4974.169922	-85.601578
4979.553223	-85.270309
4984.936523	-84.923927
4990.319824	-86.018372
4995.703125	-83.925621
5001.086426	-81.240395
5006.469727	-82.835922
5011.853027	-81.747543
5017.236328	-80.219147
5022.619629	-80.141525
5028.002930	-79.858002
5033.386230	-79.145012
5038.769531	-79.491280
5044.152832	-77.679085
5049.536133	-76.032074
5054.919434	-77.415749
5060.302734	-77.139229
5065.686035	-77.678368
5071.069336	-76.279243
5076.452637	-77.182938
5081.835938	-77.490494
5087.219238	-75.601440
5092.602539	-75.051964
5097.985840	-74.438499
5103.369141	-72.915398
5108.752441	-73.625381
5114.135742	-74.287941
5119.519043	-75.016602
5124.902344	-74.960854
5130.285645	-73.987549
5135.668945	-73.420059
5141.052246	-74.493492
5146.435547	-75.054337
5151.818848	-72.474884
5157.202148	-71.591080
5162.585449	-73.398972
5167.968750	-75.399101
5173.352051	-72.668449
5178.735352	-73.284889
5184.118652	-72.741982
5189.501953	-74.224602
5194.885254	-73.465927
5200.268555	-72.355682
5205.651855	-74.089355
5211.035156	-72.539322
5216.418457	-72.727242
5221.801758	-74.023758
5227.185059	-71.595688
5232.568359	-70.817574
5237.951660	-71.112679
5243.334961	-72.145981
5248.718262	-73.256615
5254.101562	-72.240822
5259.484863	-70.227173
5264.868164	-70.846786
5270.251465	-70.764351
5275.634766	-72.846329
5281.018066	-75.743294
5286.401367	-74.168007
5291.784668	-70.780922
5297.167969	-68.482635
5302.551270	-70.807625
5307.934570	-71.022087
5313.317871	-69.013489
5318.701172	-69.135002
5324.084473	-71.944199
5329.467773	-71.821297
5334.851074	-71.676971
5340.234375	-71.033257
5345.617676	-71.469284
5351.000977	-74.167259
5356.384277	-71.652664
5361.767578	-70.253174
5367.150879	-71.239357
5372.534180	-69.653946
5377.917480	-70.639030
5383.300781	-69.501572
5388.684082	-69.749176
5394.067383	-71.070992
5399.450684	-72.270363
5404.833984	-73.148697
5410.217285	-71.148659
5415.600586	-69.935364
5420.983887	-68.768013
5426.367188	-68.490089
5431.750488	-67.084396
5437.133789	-67.096001
5442.517090	-68.191818
5447.900391	-68.878479
5453.283691	-70.608192
5458.666992	-71.072571
5464.050293	-69.409569
5469.433594	-69.548698
5474.816895	-66.892296
5480.200195	-68.796440
5485.583496	-70.318642
5490.966797	-70.138763
5496.350098	-68.367577
5501.733398	-69.420494
5507.116699	-70.320969
5512.500000	-70.003693
5517.883301	-66.956528
5523.266602	-66.419922
5528.649902	-66.259872
5534.033203	-68.402657
5539.416504	-68.736099
5544.799805	-68.114265
5550.183105	-69.550407
5555.566406	-67.576591
5560.949707	-68.604637
5566.333008	-70.089478
5571.716309	-70.203194
5577.099609	-67.816727
5582.482910	-66.035942
5587.866211	-67.358536
5593.249512	-67.590706
5598.632812	-69.090141
5604.016113	-67.952126
5609.399414	-67.201736
5614.782715	-67.203461
5620.166016	-66.651245
5625.549316	-65.406670
5630.932617	-63.038361
5636.315918	-63.962379
5641.699219	-66.332985
5647.082520	-67.629433
5652.465820	-67.845818
5657.849121	-67.588127
5663.232422	-65.109863
5668.615723	-64.102478
5673.999023	-65.404694
5679.382324	-67.145065
5684.765625	-66.682571
5690.148926	-66.253975
5695.532227	-66.382149
5700.915527	-66.952545
5706.298828	-68.259560
5711.682129	-67.572250
5717.065430	-65.095680
5722.448730	-62.983398
5727.832031	-62.523830
5733.215332	-62.492748
5738.598633	-64.700089
5743.981934	-64.672722
5749.365234	-65.406036
5754.748535	-65.249939
5760.131836	-65.681686
5765.515137	-64.563248
5770.898438	-64.441856
5776.281738	-64.146812
5781.665039	-64.025932
5787.048340	-66.490089
5792.431641	-65.752274
5797.814941	-62.756203
5803.198242	-64.165009
5808.581543	-66.975891
5813.964844	-66.035469
5819.348145	-65.716331
5824.731445	-65.420502
5830.114746	-66.093918
5835.498047	-67.490494
5840.881348	-66.872360
5846.264648	-63.729969
5851.647949	-64.719185
5857.031250	-67.462791
5862.414551	-66.107735
5867.797852	-65.747307
5873.181152	-65.239456
5878.564453	-63.608215
5883.947754	-66.967247
5889.331055	-66.960800
5894.714355	-66.092606
5900.097656	-66.200516
5905.480957	-65.561935
5910.864258	-65.762062
5916.247559	-65.387047
5921.630859	-64.408806
5927.014160	-66.033447
5932.397461	-65.522057
5937.780762	-64.505432
5943.164062	-62.375130
5948.547363	-62.155575
5953.930664	-62.830215
5959.313965	-62.452419
5964.697266	-63.517094
5970.080566	-64.830978
5975.463867	-63.800362
5980.847168	-62.056450
5986.230469	-63.535263
5991.613770	-64.022369
5996.997070	-63.240101
6002.380371	-65.644958
6007.763672	-63.254551
6013.146973	-62.903702
6018.530273	-64.638260
6023.913574	-67.447792
6029.296875	-64.400314
6034.680176	-60.537006
6040.063477	-62.054634
6045.446777	-63.206150
6050.830078	-61.778698
6056.213379	-59.381481
6061.596680	-58.883152
6066.979980	-58.624672
6072.363281	-59.935776
6077.746582	-60.808414
6083.129883	-61.540932
6088.513184	-60.630798
6093.896484	-61.373737
6099.279785	-60.589993
6104.663086	-60.683811
6110.046387	-59.986267
6115.429688	-60.250992
6120.812988	-60.491135
6126.196289	-61.749401
6131.579590	-59.993423
6136.962891	-59.382694
6142.346191	-59.801037
6147.729492	-61.103249
6153.112793	-62.070656
6158.496094	-61.776245
6163.879395	-60.782768
6169.262695	-60.587830
6174.645996	-59.285915
6180.029297	-58.911278
6185.412598	-59.539654
6190.795898	-58.037735
6196.179199	-56.562084
6201.562500	-56.194664
6206.945801	-56.054413
6212.329102	-56.626488
6217.712402	-57.604126
6223.095703	-57.780048
6228.479004	-57.360695
6233.862305	-57.180656
6239.245605	-55.946014
6244.628906	-55.250275
6250.012207	-57.345020
6255.395508	-56.120033
6260.778809	-57.149326
6266.162109	-59.460388
6271.545410	-58.326473
6276.928711	-59.538097
6282.312012	-59.373627
6287.695312	-58.710262
6293.078613	-56.530437
6298.461914	-55.585773
6303.845215	-56.441525
6309.228516	-56.632378
6314.611816	-55.304153
6319.995117	-54.068890
6325.378418	-55.008137
6330.761719	-55.848484
6336.145020	-56.648590
6341.528320	-55.919788
6346.911621	-56.626480
6352.294922	-57.049564
6357.678223	-55.728428
6363.061523	-55.671387
6368.444824	-55.017262
6373.828125	-55.332130
6379.211426	-55.735088
6384.594727	-54.923756
6389.978027	-56.051231
6395.361328	-55.465557
6400.744629	-57.692028
6406.127930	-57.217030
6411.511230	-57.835987
6416.894531	-57.160767
6422.277832	-58.821381
6427.661133	-57.255783
6433.044434	-56.800022
6438.427734	-56.593868
6443.811035	-54.744549
6449.194336	-54.591297
6454.577637	-56.299568
6459.960938	-56.262356
6465.344238	-56.365349
6470.727539	-57.361511
6476.110840	-57.000275
6481.494141	-56.439217
6486.877441	-57.146431
6492.260742	-58.826763
6497.644043	-56.786327
6503.027344	-56.184769
6508.410645	-57.138954
6513.793945	-55.956299
6519.177246	-55.728050
6524.560547	-57.983208
6529.943848	-59.291550
6535.327148	-58.994823
6540.710449	-59.739136
6546.093750	-60.009365
6551.477051	-59.365910
6556.860352	-59.494633
6562.243652	-58.347748
6567.626953	-55.494900
6573.010254	-58.181511
6578.393555	-59.823891
6583.776855	-60.163078
6589.160156	-60.076546
6594.543457	-62.506508
6599.926758	-60.202217
6605.310059	-58.266396
6610.693359	-60.468060
6616.076660	-60.775455
6621.459961	-61.331413
6626.843262	-60.393028
6632.226562	-61.207344
6637.609863	-60.911865
6642.993164	-58.878197
6648.376465	-57.992767
6653.759766	-60.400093
6659.143066	-63.339935
6664.526367	-63.998035
6669.909668	-64.011810
6675.292969	-62.107746
6680.676270	-60.590889
6686.059570	-59.715298
6691.442871	-62.164845
6696.826172	-63.492672
6702.209473	-61.423717
6707.592773	-61.088383
6712.976074	-61.410076
6718.359375	-61.815247
6723.742676	-60.980549
6729.125977	-60.677101
6734.509277	-61.272137
6739.892578	-61.134384
6745.275879	-62.156693
6750.659180	-62.945217
6756.042480	-62.190948
6761.425781	-60.170086
6766.809082	-60.542225
6772.192383	-62.652336
6777.575684	-63.610184
6782.958984	-60.985615
6788.342285	-59.845615
6793.725586	-60.778809
6799.108887	-60.719368
6804.492188	-60.521572
6809.875488	-61.033825
6815.258789	-64.424149
6820.642090	-66.498627
6826.025391	-65.516083
6831.408691	-64.715553
6836.791992	-63.428867
6842.175293	-64.425224
6847.558594	-64.630356
6852.941895	-61.932850
6858.325195	-61.493309
6863.708496	-61.615795
6869.091797	-62.960533
6874.475098	-64.340599
6879.858398	-62.292084
6885.241699	-61.576061
6890.625000	-62.516724
6896.008301	-63.293808
6901.391602	-62.863914
6906.774902	-63.736645
6912.158203	-64.348190
6917.541504	-61.449368
6922.924805	-62.174961
6928.308105	-64.611710
6933.691406	-65.144485
6939.074707	-63.983349
6944.458008	-63.647892
6949.841309	-62.736359
6955.224609	-63.920509
6960.607910	-65.946068
6965.991211	-66.698647
6971.374512	-64.172737
6976.757812	-64.383972
6982.141113	-63.957939
6987.524414	-65.184647
6992.907715	-63.781582
6998.291016	-63.447388
7003.674316	-63.945152
7009.057617	-61.625904
7014.440918	-60.283642
7019.824219	-62.525414
7025.207520	-65.531853
7030.590820	-63.910931
7035.974121	-61.512547
7041.357422	-63.333488
7046.740723	-66.411652
7052.124023	-66.617691
7057.507324	-65.738487
7062.890625	-64.606148
7068.273926	-63.456028
7073.657227	-63.144165
7079.040527	-63.689163
7084.423828	-61.241276
7089.807129	-62.705357
7095.190430	-63.563316
7100.573730	-62.720524
7105.957031	-63.209206
7111.340332	-63.547787
7116.723633	-61.848785
7122.106934	-63.261032
7127.490234	-63.742184
7132.873535	-62.074226
7138.256836	-63.161491
7143.640137	-66.281052
7149.023438	-64.034073
7154.406738	-61.834259
7159.790039	-62.615631
7165.173340	-62.181576
7170.556641	-63.015957
7175.939941	-62.259930
7181.323242	-64.523636
7186.706543	-67.397209
7192.089844	-66.518272
7197.473145	-64.724548
7202.856445	-65.323906
7208.239746	-66.155464
7213.623047	-64.166756
7219.006348	-64.213463
7224.389648	-65.177567
7229.772949	-63.872437
7235.156250	-64.244415
7240.539551	-63.450180
7245.922852	-63.964737
7251.306152	-64.568886
7256.689453	-64.139145
7262.072754	-64.207809
7267.456055	-65.591881
7272.839355	-65.276398
7278.222656	-65.832626
7283.605957	-66.982407
7288.989258	-65.398010
7294.372559	-64.412521
7299.755859	-64.324951
7305.139160	-65.879265
7310.522461	-65.700569
7315.905762	-64.159271
7321.289062	-66.561707
7326.672363	-64.973068
7332.055664	-64.637009
7337.438965	-66.269455
7342.822266	-66.284973
7348.205566	-66.493881
7353.588867	-66.002274
7358.972168	-65.104424
7364.355469	-64.637962
7369.738770	-63.481724
7375.122070	-63.302269
7380.505371	-66.141899
7385.888672	-66.700256
7391.271973	-67.709717
7396.655273	-66.431236
7402.038574	-66.403084
7407.421875	-63.639187
7412.805176	-63.640476
7418.188477	-63.275276
7423.571777	-63.399273
7428.955078	-64.562546
7434.338379	-62.927948
7439.721680	-61.706802
7445.104980	-62.359425
7450.488281	-63.832634
7455.871582	-62.453384
7461.254883	-62.557522
7466.638184	-64.670242
7472.021484	-64.534164
7477.404785	-63.809643
7482.788086	-63.454704
7488.171387	-63.369503
7493.554688	-63.429867
7498.937988	-63.551918
7504.321289	-63.060780
7509.704590	-66.330116
7515.087891	-65.346680
7520.471191	-64.685280
7525.854492	-65.982346
7531.237793	-66.637901
7536.621094	-64.854492
7542.004395	-63.160751
7547.387695	-62.208138
7552.770996	-63.415291
7558.154297	-65.162041
7563.537598	-63.453003
7568.920898	-62.799835
7574.304199	-62.597225
7579.687500	-63.919502
7585.070801	-64.325272
7590.454102	-63.291935
7595.837402	-61.515778
7601.220703	-61.342571
7606.604004	-63.501057
7611.987305	-64.169579
7617.370605	-62.139359
7622.753906	-62.383842
7628.137207	-61.445499
7633.520508	-60.029060
7638.903809	-61.688133
7644.287109	-60.270950
7649.670410	-59.680210
7655.053711	-60.597481
7660.437012	-60.882675
7665.820312	-61.041534
7671.203613	-63.620888
7676.586914	-64.015610
7681.970215	-65.693283
7687.353516	-62.219402
7692.736816	-61.335945
7698.120117	-61.114853
7703.503418	-62.478874
7708.886719	-62.984241
7714.270020	-62.902302
7719.653320	-61.337063
7725.036621	-60.085747
7730.419922	-62.916985
7735.803223	-64.750015
7741.186523	-63.690453
7746.569824	-63.749283
7751.953125	-65.116150
7757.336426	-63.826584
7762.719727	-61.260883
7768.103027	-60.330551
7773.486328	-61.936802
7778.869629	-63.732292
7784.252930	-63.859016
7789.636230	-62.567917
7795.019531	-61.425224
7800.402832	-64.098610
7805.786133	-62.882511
7811.169434	-64.543320
7816.552734	-64.246262
7821.936035	-60.790726
7827.319336	-61.343987
7832.702637	-62.974987
7838.085938	-64.448120
7843.469238	-63.862152
7848.852539	-64.531342
7854.235840	-62.738293
7859.619141	-61.593479
7865.002441	-63.419086
7870.385742	-64.111580
7875.769043	-64.008080
7881.152344	-64.544968
7886.535645	-63.200298
7891.918945	-61.806034
7897.302246	-62.903316
7902.685547	-63.381992
7908.068848	-64.892159
7913.452148	-64.411049
7918.835449	-62.503304
7924.218750	-62.248367
7929.602051	-63.218727
7934.985352	-64.472755
7940.368652	-62.467724
7945.751953	-63.006786
7951.135254	-61.840569
7956.518555	-61.123589
7961.901855	-61.063938
7967.285156	-61.400192
7972.668457	-62.607590
7978.051758	-62.598881
7983.435059	-60.981838
7988.818359	-60.517948
7994.201660	-62.890533
7999.584961	-61.882111
8004.968262	-61.653629
8010.351562	-61.725964
8015.734863	-61.096359
8021.118164	-62.289185
8026.501465	-61.537853
8031.884766	-61.144672
8037.268066	-61.028210
8042.651367	-58.511440
8048.034668	-57.873840
8053.417969	-60.211254
8058.801270	-61.522926
8064.184570	-64.093559
8069.567871	-62.907146
8074.951172	-61.137585
8080.334473	-60.713379
8085.717773	-61.724327
8091.101074	-60.740013
8096.484375	-62.931271
8101.867676	-61.697750
8107.250977	-62.692928
8112.634277	-63.252846
8118.017578	-61.226921
8123.400879	-60.958649
8128.784180	-61.092171
8134.167480	-61.558933
8139.550781	-62.056477
8144.934082	-61.699860
8150.317383	-62.574192
8155.700684	-63.097931
8161.083984	-63.662441
8166.467285	-63.613186
8171.850586	-61.847240
8177.233887	-59.897659
8182.617188	-61.086834
8188.000488	-60.340359
8193.383789	-59.885647
8198.767090	-60.911636
8204.150391	-60.380295
8209.533691	-60.295250
8214.916992	-63.274475
8220.300293	-63.493229
8225.683594	-63.538811
8231.066895	-62.633724
8236.450195	-62.256615
8241.833496	-61.420048
8247.216797	-62.012291
8252.600098	-61.138203
8257.983398	-60.670238
8263.366699	-60.765579
8268.750000	-62.241245
8274.133301	-63.344158
8279.516602	-61.786640
8284.899902	-62.672070
8290.283203	-61.719872
8295.666504	-61.411983
8301.049805	-61.543526
8306.433105	-60.877354
8311.816406	-62.038406
8317.199707	-64.837288
8322.583008	-62.939278
8327.966309	-61.705063
8333.349609	-59.620293
8338.732910	-58.626804
8344.116211	-60.700134
8349.499512	-62.239582
8354.882812	-61.869087
8360.266113	-63.319675
8365.649414	-62.681633
8371.032715	-62.565487
8376.416016	-63.121552
8381.799316	-62.668148
8387.182617	-64.023285
8392.565918	-62.937660
8397.949219	-61.615749
8403.332520	-63.342728
8408.715820	-64.287857
8414.099121	-63.482803
8419.482422	-62.641544
8424.865723	-62.788570
8430.249023	-62.842564
8435.632324	-64.459892
8441.015625	-64.081535
8446.398926	-65.225815
8451.782227	-66.051941
8457.165527	-64.463821
8462.548828	-64.308502
8467.932129	-65.459785
8473.315430	-66.934578
8478.698730	-66.322044
8484.082031	-65.184517
8489.465332	-64.551819
8494.848633	-64.305878
8500.231934	-66.454414
8505.615234	-66.430931
8510.998535	-66.581230
8516.381836	-66.454857
8521.765137	-64.990326
8527.148438	-64.530525
8532.531738	-66.581566
8537.915039	-66.830528
8543.298340	-67.095825
8548.681641	-66.999077
8554.064941	-65.342735
8559.448242	-64.130981
8564.831543	-65.635147
8570.214844	-68.738060
8575.598145	-66.945946
8580.981445	-67.320244
8586.364746	-66.949722
8591.748047	-65.755272
8597.131348	-68.189178
8602.514648	-68.274437
8607.897949	-67.558022
8613.281250	-65.637886
8618.664551	-65.358147
8624.047852	-67.667694
8629.431152	-70.209602
8634.814453	-70.006325
8640.197754	-68.975883
8645.581055	-70.149696
8650.964355	-70.287834
8656.347656	-67.308754
8661.730957	-66.268478
8667.114258	-69.201912
8672.497559	-69.190712
8677.880859	-69.865974
8683.264160	-68.388268
8688.647461	-68.286819
8694.030762	-68.645988
8699.414062	-71.787521
8704.797363	-72.370468
8710.180664	-71.996208
8715.563965	-70.007202
8720.947266	-68.515465
8726.330566	-69.393120
8731.713867	-68.409653
8737.097168	-68.811562
8742.480469	-70.205017
8747.863770	-70.140190
8753.247070	-69.493088
8758.630371	-71.682495
8764.013672	-71.523102
8769.396973	-72.605415
8774.780273	-74.467293
8780.163574	-72.410828
8785.546875	-71.942474
8790.930176	-72.835701
8796.313477	-74.912544
8801.696777	-74.966339
8807.080078	-74.084656
8812.463379	-73.509544
8817.846680	-74.154922
8823.229980	-75.586838
8828.613281	-76.273651
8833.996582	-74.100281
8839.379883	-74.322418
8844.763184	-75.434875
8850.146484	-77.569908
8855.529785	-77.561150
8860.913086	-76.681946
8866.296387	-75.981613
8871.679688	-77.987823
8877.062988	-75.863800
8882.446289	-74.382545
8887.829590	-75.195221
8893.212891	-74.272942
8898.596191	-74.767563
8903.979492	-74.537643
8909.362793	-75.203682
8914.746094	-75.339920
8920.129395	-74.318504
8925.512695	-73.006233
8930.895996	-74.360550
8936.279297	-74.071983
8941.662598	-72.621437
8947.045898	-72.860802
8952.429199	-74.879326
8957.812500	-75.088074
8963.195801	-74.416985
8968.579102	-75.384163
8973.962402	-74.811424
8979.345703	-76.618797
8984.729004	-77.906769
8990.112305	-78.732399
8995.495605	-79.705643
9000.878906	-78.542099
9006.262207	-77.762383
9011.645508	-75.919006
9017.028809	-77.495079
9022.412109	-77.680779
9027.795410	-79.236771
9033.178711	-80.202057
9038.562012	-81.710190
9043.945312	-80.426865
9049.328613	-80.296188
9054.711914	-78.499664
9060.095215	-81.432030
9065.478516	-81.025230
9070.861816	-80.614204
9076.245117	-82.771095
9081.628418	-81.762085
9087.011719	-81.408554
9092.395020	-81.757202
9097.778320	-83.927956
9103.161621	-83.893135
9108.544922	-83.824608
9113.928223	-83.752235
9119.311523	-84.005981
9124.694824	-83.327316
9130.078125	-83.573280
9135.461426	-83.110176
9140.844727	-81.909157
9146.228027	-82.923027
9151.611328	-83.218178
9156.994629	-83.936478
9162.377930	-84.246155
9167.761230	-82.955154
9173.144531	-83.637054
9178.527832	-84.508728
9183.911133	-83.366364
9189.294434	-83.976273
9194.677734	-85.191460
9200.061035	-84.560448
9205.444336	-81.351189
9210.827637	-80.961113
9216.210938	-80.476723
9221.594238	-80.024391
9226.977539	-80.332489
9232.360840	-80.479446
9237.744141	-83.486107
9243.127441	-82.921783
9248.510742	-80.812767
9253.894043	-81.683899
9259.277344	-81.887360
9264.660645	-79.502853
9270.043945	-79.906471
9275.427246	-81.032875
9280.810547	-80.177689
9286.193848	-80.631447
9291.577148	-81.533943
9296.960449	-79.177711
9302.343750	-79.849449
9307.727051	-81.771019
9313.110352	-80.672935
9318.493652	-81.973404
9323.876953	-82.665405
9329.260254	-83.661011
9334.643555	-84.077087
9340.026855	-83.057335
9345.410156	-80.206245
9350.793457	-80.955299
9356.176758	-83.279472
9361.560059	-82.701881
9366.943359	-78.633240
9372.326660	-78.729118
9377.709961	-80.912216
9383.093262	-82.263359
9388.476562	-81.392601
9393.859863	-83.379211
9399.243164	-82.373123
9404.626465	-82.893829
9410.009766	-82.435806
9415.393066	-83.813362
9420.776367	-84.750648
9426.159668	-83.153107
9431.542969	-81.297005
9436.926270	-81.467972
9442.309570	-82.384720
9447.692871	-82.664436
9453.076172	-84.069984
9458.459473	-82.647324
9463.842773	-80.112862
9469.226074	-81.616524
9474.609375	-82.777985
9479.992676	-81.749077
9485.375977	-81.970749
9490.759277	-82.586250
9496.142578	-81.690437
9501.525879	-81.507095
9506.909180	-82.422417
9512.292480	-82.970276
9517.675781	-81.116455
9523.059082	-81.273949
9528.442383	-81.147133
9533.825684	-82.462212
9539.208984	-83.847038
9544.592285	-82.735718
9549.975586	-82.820160
9555.358887	-83.115067
9560.742188	-83.796104
9566.125488	-83.396706
9571.508789	-80.595825
9576.892090	-78.906654
9582.275391	-79.079086
9587.658691	-79.174149
9593.041992	-78.445618
9598.425293	-78.080696
9603.808594	-79.664742
9609.191895	-80.809036
9614.575195	-77.994507
9619.958496	-77.384560
9625.341797	-78.220703
9630.725098	-80.256516
9636.108398	-79.374916
9641.491699	-78.571144
9646.875000	-78.200043
9652.258301	-78.007027
9657.641602	-77.165375
9663.024902	-78.150322
9668.408203	-77.658554
9673.791504	-77.545784
9679.174805	-76.797081
9684.558105	-78.464119
9689.941406	-78.859497
9695.324707	-76.324455
9700.708008	-75.465263
9706.091309	-76.758614
9711.474609	-78.415924
9716.857910	-78.938675
9722.241211	-78.804596
9727.624512	-76.768967
9733.007812	-73.680252
9738.391113	-73.217896
9743.774414	-74.734550
9749.157715	-76.563850
9754.541016	-74.726852
9759.924316	-75.468895
9765.307617	-75.328018
9770.690918	-75.540154
9776.074219	-73.787964
9781.457520	-73.403793
9786.840820	-76.701271
9792.224121	-76.029312
9797.607422	-74.779175
9802.990723	-74.539207
9808.374023	-74.146217
9813.757324	-70.484077
9819.140625	-70.839851
9824.523926	-74.508194
9829.907227	-73.871071
9835.290527	-74.963448
9840.673828	-74.101685
9846.057129	-74.039986
9851.440430	-73.499680
9856.823730	-73.536171
9862.207031	-71.224373
9867.590332	-70.305130
9872.973633	-71.642456
9878.356934	-71.985031
9883.740234	-71.212845
9889.123535	-73.010452
9894.506836	-72.802345
9899.890137	-71.469635
9905.273438	-71.512230
9910.656738	-72.886734
9916.040039	-72.070076
9921.423340	-71.548622
9926.806641	-71.873772
9932.189941	-70.825638
9937.573242	-69.483238
9942.956543	-71.378662
9948.339844	-71.582245
9953.723145	-72.109657
9959.106445	-73.224556
9964.489746	-73.242775
9969.873047	-72.781013
9975.256348	-72.474861
9980.639648	-73.000893
9986.022949	-71.610497
9991.406250	-70.721207
9996.789551	-70.143013
10002.172852	-69.790665
10007.556152	-70.490265
10012.939453	-70.024857
10018.322754	-70.503891
10023.706055	-70.770714
10029.089355	-70.900894
10034.472656	-71.546967
10039.855957	-70.486252
10045.239258	-70.656265
10050.622559	-70.850677
10056.005859	-70.156235
10061.389160	-68.827240
10066.772461	-69.139465
10072.155762	-70.389526
10077.539062	-70.705429
10082.922363	-69.959381
10088.305664	-69.539795
10093.688965	-71.713745
10099.072266	-72.830811
10104.455566	-73.093071
10109.838867	-72.449409
10115.222168	-72.224251
10120.605469	-72.496788
10125.988770	-69.568367
10131.372070	-70.553368
10136.755371	-69.260460
10142.138672	-68.358856
10147.521973	-69.639877
10152.905273	-70.231865
10158.288574	-70.363922
10163.671875	-70.956696
10169.055176	-70.129738
10174.438477	-69.000687
10179.821777	-68.636864
10185.205078	-69.010597
10190.588379	-69.567291
10195.971680	-71.559090
10201.354980	-71.704796
10206.738281	-71.202759
10212.121582	-72.022675
10217.504883	-72.553154
10222.888184	-73.065117
10228.271484	-73.681572
10233.654785	-73.666679
10239.038086	-71.542885
10244.421387	-70.999748
10249.804688	-70.567642
10255.187988	-72.249504
10260.571289	-72.134483
10265.954590	-70.953209
10271.337891	-70.870598
10276.721191	-71.222954
10282.104492	-71.189926
10287.487793	-71.897194
10292.871094	-71.079475
10298.254395	-71.357101
10303.637695	-71.327431
10309.020996	-70.505569
10314.404297	-69.148598
10319.787598	-68.464951
10325.170898	-68.456802
10330.554199	-69.858734
10335.937500	-72.284248
10341.320801	-72.118774
10346.704102	-69.771767
10352.087402	-70.817131
10357.470703	-75.467667
10362.854004	-74.913712
10368.237305	-71.592308
10373.620605	-70.732918
10379.003906	-72.603027
10384.387207	-72.210007
10389.770508	-70.810265
10395.153809	-72.041199
10400.537109	-69.701965
10405.920410	-69.839844
10411.303711	-71.485191
10416.687012	-70.902039
10422.070312	-69.405273
10427.453613	-69.294395
10432.836914	-68.670998
10438.220215	-68.243965
10443.603516	-69.390808
10448.986816	-71.188652
10454.370117	-71.595390
10459.753418	-71.068924
10465.136719	-70.520042
10470.520020	-71.401642
10475.903320	-70.788795
10481.286621	-71.499985
10486.669922	-71.337387
10492.053223	-72.101807
10497.436523	-72.974815
10502.819824	-70.584694
10508.203125	-69.505402
10513.586426	-72.009277
10518.969727	-71.498871
10524.353027	-73.050293
10529.736328	-72.695335
10535.119629	-69.816017
10540.502930	-71.539551
10545.886230	-74.201523
10551.269531	-72.992111
10556.652832	-72.341515
10562.036133	-72.066071
10567.419434	-72.737885
10572.802734	-73.736900
10578.186035	-72.950996
10583.569336	-69.861862
10588.952637	-70.943367
10594.335938	-73.843849
10599.719238	-71.972137
10605.102539	-70.983315
10610.485840	-71.707733
10615.869141	-71.544235
10621.252441	-72.303619
10626.635742	-72.553741
10632.019043	-72.538986
10637.402344	-72.102371
10642.785645	-71.789513
10648.168945	-70.573586
10653.552246	-69.313446
10658.935547	-69.817619
10664.318848	-70.908859
10669.702148	-73.438606
10675.085449	-75.289276
10680.468750	-74.429443
10685.852051	-73.539795
10691.235352	-73.088417
10696.618652	-73.123306
10702.001953	-73.756317
10707.385254	-72.842529
10712.768555	-71.044106
10718.151855	-70.511543
10723.535156	-72.687263
10728.918457	-73.962807
10734.301758	-73.496307
10739.685059	-73.274101
10745.068359	-70.864990
10750.451660	-69.045769
10755.834961	-69.176079
10761.218262	-71.643600
10766.601562	-71.488037
10771.984863	-72.659706
10777.368164	-72.528320
10782.751465	-74.103874
10788.134766	-72.883461
10793.518066	-71.985367
10798.901367	-71.088074
10804.284668	-71.030762
10809.667969	-73.661629
10815.051270	-74.364601
10820.434570	-73.587646
10825.817871	-71.686646
10831.201172	-72.599960
10836.584473	-73.122612
10841.967773	-71.901390
10847.351074	-72.689163
10852.734375	-70.565506
10858.117676	-69.616409
10863.500977	-69.988571
10868.884277	-71.695549
10874.267578	-73.927574
10879.650879	-72.529526
10885.034180	-71.709244
10890.417480	-71.775253
10895.800781	-73.704460
10901.184082	-72.024567
10906.567383	-69.968483
10911.950684	-70.239456
10917.333984	-71.774834
10922.717285	-71.929794
10928.100586	-73.181396
10933.483887	-71.509224
10938.867188	-70.494141
10944.250488	-69.195549
10949.633789	-68.303764
10955.017090	-68.974083
10960.400391	-69.915771
10965.783691	-70.318214
10971.166992	-71.528038
10976.550293	-73.396660
10981.933594	-73.457031
10987.316895	-71.713791
10992.700195	-70.607521
10998.083496	-69.774345
11003.466797	-70.680603
11008.850098	-70.083984
11014.233398	-70.426071
11019.616699	-70.330643
11025.000000	-70.378563
11030.383301	-72.867577
11035.766602	-72.656868
11041.149902	-70.073814
11046.533203	-71.118683
11051.916504	-70.965851
11057.299805	-71.600029
11062.683105	-69.444496
11068.066406	-67.436050
11073.449707	-68.626526
11078.833008	-70.847687
11084.216309	-68.184402
11089.599609	-68.059227
11094.982910	-71.276337
11100.366211	-74.409836
11105.749512	-72.613022
11111.132812	-69.895973
11116.516113	-68.985023
11121.899414	-68.552856
11127.282715	-68.924080
11132.666016	-71.138321
11138.049316	-70.505836
11143.432617	-69.146828
11148.815918	-68.511871
11154.199219	-68.685669
11159.582520	-70.633835
11164.965820	-71.111435
11170.349121	-68.837822
11175.732422	-70.667572
11181.115723	-69.631767
11186.499023	-69.268349
11191.882324	-70.512733
11197.265625	-69.701492
11202.648926	-69.218941
11208.032227	-68.684982
11213.415527	-69.507256
11218.798828	-70.856522
11224.182129	-67.042053
11229.565430	-66.969299
11234.948730	-68.398872
11240.332031	-70.447052
11245.715332	-68.376350
11251.098633	-68.143349
11256.481934	-68.483635
11261.865234	-68.796516
11267.248535	-68.139687
11272.631836	-67.529434
11278.015137	-66.493515
11283.398438	-66.748749
11288.781738	-67.734734
11294.165039	-67.468056
11299.548340	-68.506813
11304.931641	-69.075310
11310.314941	-67.806198
11315.698242	-68.503212
11321.081543	-68.336098
11326.464844	-68.217583
11331.848145	-66.857460
11337.231445	-66.399330
11342.614746	-67.932716
11347.998047	-67.983971
11353.381348	-68.163101
11358.764648	-67.858498
11364.147949	-67.724792
11369.531250	-68.288101
11374.914551	-69.232872
11380.297852	-67.012840
11385.681152	-66.503250
11391.064453	-70.235260
11396.447754	-68.647980
11401.831055	-68.342178
11407.214355	-68.896004
11412.597656	-69.708969
11417.980957	-69.740158
11423.364258	-67.782715
11428.747559	-68.635155
11434.130859	-68.535004
11439.514160	-67.991791
11444.897461	-67.087036
11450.280762	-68.604744
11455.664062	-69.022179
11461.047363	-70.725517
11466.430664	-70.610077
11471.813965	-70.277870
11477.197266	-68.904083
11482.580566	-69.027473
11487.963867	-67.634064
11493.347168	-66.818390
11498.730469	-68.422020
11504.113770	-69.137451
11509.497070	-68.903473
11514.880371	-68.308723
11520.263672	-69.642067
11525.646973	-71.007637
11531.030273	-70.666809
11536.413574	-70.520256
11541.796875	-70.167885
11547.180176	-69.783134
11552.563477	-69.757919
11557.946777	-71.082596
11563.330078	-68.690254
11568.713379	-69.588676
11574.096680	-69.132957
11579.479980	-71.185631
11584.863281	-71.616257
11590.246582	-71.364296
11595.629883	-71.913383
11601.013184	-70.324974
11606.396484	-67.484024
11611.779785	-68.439484
11617.163086	-70.030991
11622.546387	-71.850464
11627.929688	-71.099274
11633.312988	-70.912003
11638.696289	-71.742668
11644.079590	-72.083710
11649.462891	-70.968460
11654.846191	-69.961349
11660.229492	-71.766159
11665.612793	-70.582863
11670.996094	-70.037483
11676.379395	-71.329506
11681.762695	-71.783730
11687.145996	-71.272064
11692.529297	-70.833092
11697.912598	-71.971909
11703.295898	-72.405388
11708.679199	-72.284966
11714.062500	-70.751900
11719.445801	-69.311951
11724.829102	-70.994286
11730.212402	-70.470772
11735.595703	-72.824226
11740.979004	-71.514381
11746.362305	-69.489426
11751.745605	-71.479431
11757.128906	-72.764221
11762.512207	-73.954529
11767.895508	-72.483185
11773.278809	-71.886978
11778.662109	-70.682724
11784.045410	-70.889954
11789.428711	-71.266548
11794.812012	-71.827194
11800.195312	-70.384758
11805.578613	-69.504196
11810.961914	-71.586945
11816.345215	-71.309288
11821.728516	-69.990623
11827.111816	-70.367851
11832.495117	-73.304527
11837.878418	-74.444588
11843.261719	-72.818474
11848.645020	-71.378395
11854.028320	-70.664307
11859.411621	-69.616592
11864.794922	-72.000038
11870.178223	-71.289833
11875.561523	-72.928162
11880.944824	-72.100227
11886.328125	-69.616219
11891.711426	-70.043648
11897.094727	-71.308861
11902.478027	-73.004684
11907.861328	-72.404655
11913.244629	-72.000809
11918.627930	-71.532242
11924.011230	-72.058342
11929.394531	-72.738724
11934.777832	-72.125244
11940.161133	-71.247627
11945.544434	-71.862328
11950.927734	-72.889503
11956.311035	-72.730057
11961.694336	-73.066689
11967.077637	-74.308632
11972.460938	-71.950989
11977.844238	-72.384880
11983.227539	-74.375519
11988.610840	-73.609222
11993.994141	-72.950539
11999.377441	-72.643105
12004.760742	-72.407478
12010.144043	-73.541862
12015.527344	-72.310478
12020.910645	-72.641403
12026.293945	-72.905846
12031.677246	-73.641434
12037.060547	-74.402550
12042.443848	-73.136612
12047.827148	-73.061775
12053.210449	-73.777367
12058.593750	-74.055206
12063.977051	-73.430847
12069.360352	-70.710281
12074.743652	-69.901962
12080.126953	-71.761444
12085.510254	-71.210793
12090.893555	-72.465370
12096.276855	-73.669800
12101.660156	-72.445030
12107.043457	-73.266411
12112.426758	-74.485893
12117.810059	-74.956116
12123.193359	-73.295616
12128.576660	-71.836128
12133.959961	-71.680305
12139.343262	-71.104713
12144.726562	-71.398628
12150.109863	-71.630310
12155.493164	-72.090179
12160.876465	-73.922874
12166.259766	-72.777802
12171.643066	-71.359909
12177.026367	-73.389412
12182.409668	-72.181145
12187.792969	-71.978729
12193.176270	-75.312378
12198.559570	-71.909538
12203.942871	-71.204567
12209.326172	-73.136833
12214.709473	-74.373291
12220.092773	-73.499626
12225.476074	-73.918793
12230.859375	-73.934174
12236.242676	-72.889618
12241.625977	-73.809288
12247.009277	-72.960236
12252.392578	-72.214935
12257.775879	-73.793457
12263.159180	-74.992950
12268.542480	-74.941650
12273.925781	-75.176308
12279.309082	-75.095238
12284.692383	-72.406540
12290.075684	-71.381180
12295.458984	-71.692467
12300.842285	-72.398766
12306.225586	-72.543488
12311.608887	-72.705284
12316.992188	-73.854645
12322.375488	-72.781410
12327.758789	-73.359886
12333.142090	-73.296600
12338.525391	-72.542847
12343.908691	-72.952347
12349.291992	-73.064636
12354.675293	-72.434860
12360.058594	-72.976524
12365.441895	-73.251534
12370.825195	-72.823868
12376.208496	-72.912827
12381.591797	-75.932816
12386.975098	-72.473732
12392.358398	-72.056297
12397.741699	-73.059845
12403.125000	-72.466240
12408.508301	-72.596611
12413.891602	-72.311172
12419.274902	-72.418274
12424.658203	-72.107994
12430.041504	-70.813622
12435.424805	-72.274445
12440.808105	-72.560112
12446.191406	-72.897675
12451.574707	-72.658592
12456.958008	-71.912254
12462.341309	-72.878227
12467.724609	-73.720444
12473.107910	-73.722664
12478.491211	-72.622383
12483.874512	-70.944618
12489.257812	-70.880318
12494.641113	-72.399490
12500.024414	-72.584518
12505.407715	-73.836044
12510.791016	-73.688980
12516.174316	-73.396225
12521.557617	-73.751228
12526.940918	-73.971291
12532.324219	-73.246162
12537.707520	-74.775314
12543.090820	-75.286644
12548.474121	-75.095352
12553.857422	-74.243256
12559.240723	-71.823029
12564.624023	-72.268257
12570.007324	-72.218719
12575.390625	-74.959526
12580.773926	-75.875435
12586.157227	-73.389793
12591.540527	-70.772095
12596.923828	-72.061638
12602.307129	-73.464546
12607.690430	-74.720978
12613.073730	-74.907021
12618.457031	-74.094833
12623.840332	-73.850746
12629.223633	-73.084320
12634.606934	-71.541916
12639.990234	-72.801910
12645.373535	-74.390961
12650.756836	-73.371902
12656.140137	-76.352165
12661.523438	-76.687302
12666.906738	-76.462883
12672.290039	-74.886139
12677.673340	-75.303520
12683.056641	-74.836937
12688.439941	-75.534683
12693.823242	-76.468124
12699.206543	-77.025757
12704.589844	-79.110535
12709.973145	-78.167870
12715.356445	-76.213058
12720.739746	-76.682129
12726.123047	-77.301300
12731.506348	-77.495903
12736.889648	-77.014404
12742.272949	-78.213821
12747.656250	-82.741249
12753.039551	-80.933846
12758.422852	-80.666916
12763.806152	-78.898590
12769.189453	-78.049049
12774.572754	-76.575104
12779.956055	-78.928101
12785.339355	-79.623222
12790.722656	-80.485390
12796.105957	-78.903458
12801.489258	-78.020523
12806.872559	-79.385773
12812.255859	-80.364319
12817.639160	-78.888954
12823.022461	-78.445885
12828.405762	-80.042999
12833.789062	-80.859451
12839.172363	-82.541931
12844.555664	-81.120789
12849.938965	-80.843208
12855.322266	-80.775223
12860.705566	-80.131508
12866.088867	-79.035019
12871.472168	-81.257965
12876.855469	-80.359177
12882.238770	-79.521431
12887.622070	-80.754120
12893.005371	-80.468201
12898.388672	-81.500938
12903.771973	-81.182709
12909.155273	-82.667229
12914.538574	-82.222313
12919.921875	-82.637878
12925.305176	-81.044128
12930.688477	-81.231163
12936.071777	-81.730721
12941.455078	-81.241852
12946.838379	-83.055305
12952.221680	-80.194283
12957.604980	-80.450043
12962.988281	-80.442238
12968.371582	-79.209969
12973.754883	-80.085838
12979.138184	-82.456528
12984.521484	-81.925003
12989.904785	-80.725945
12995.288086	-80.875458
13000.671387	-80.656906
13006.054688	-79.502922
13011.437988	-79.172150
13016.821289	-80.753998
13022.204590	-82.286835
13027.587891	-84.216034
13032.971191	-82.994446
13038.354492	-82.924606
13043.737793	-83.537415
13049.121094	-81.830818
13054.504395	-80.332886
13059.887695	-79.552666
13065.270996	-80.441467
13070.654297	-81.277451
13076.037598	-80.354660
13081.420898	-80.303154
13086.804199	-81.096413
13092.187500	-82.356133
13097.570801	-83.677322
13102.954102	-82.845146
13108.337402	-82.039642
13113.720703	-82.324875
13119.104004	-83.092834
13124.487305	-84.070862
13129.870605	-83.055305
13135.253906	-81.656067
13140.637207	-80.883537
13146.020508	-81.122589
13151.403809	-82.926811
13156.787109	-83.563866
13162.170410	-82.778503
13167.553711	-81.655945
13172.937012	-80.669281
13178.320312	-81.377045
13183.703613	-83.167870
13189.086914	-82.013756
13194.470215	-79.917816
13199.853516	-81.298759
13205.236816	-82.657372
13210.620117	-82.574966
13216.003418	-83.027641
13221.386719	-83.812447
13226.770020	-83.285484
13232.153320	-82.939400
13237.536621	-81.722549
13242.919922	-82.570114
13248.303223	-83.843163
13253.686523	-81.596985
13259.069824	-81.663475
13264.453125	-83.159683
13269.836426	-82.174927
13275.219727	-80.492912
13280.603027	-82.258568
13285.986328	-83.540558
13291.369629	-83.170227
13296.752930	-82.863785
13302.136230	-82.019920
13307.519531	-83.137161
13312.902832	-82.063019
13318.286133	-81.291092
13323.669434	-82.003677
13329.052734	-82.594414
13334.436035	-83.441864
13339.819336	-83.160934
13345.202637	-84.082169
13350.585938	-84.764175
13355.969238	-85.324394
13361.352539	-84.131310
13366.735840	-82.670517
13372.119141	-81.632050
13377.502441	-82.524605
13382.885742	-84.785950
13388.269043	-82.695023
13393.652344	-81.407661
13399.035645	-82.915344
13404.418945	-83.642212
13409.802246	-81.867317
13415.185547	-82.059586
13420.568848	-83.863640
13425.952148	-82.765503
13431.335449	-80.910378
13436.718750	-81.080109
13442.102051	-82.034058
13447.485352	-82.875221
13452.868652	-84.705132
13458.251953	-83.675766
13463.635254	-83.432472
13469.018555	-84.033295
13474.401855	-84.549187
13479.785156	-83.964935
13485.168457	-83.631538
13490.551758	-83.893265
13495.935059	-84.317284
13501.318359	-84.291832
13506.701660	-83.504295
13512.084961	-82.568100
13517.468262	-80.817589
13522.851562	-80.948837
13528.234863	-81.605766
13533.618164	-81.550240
13539.001465	-81.395760
13544.384766	-83.664078
13549.768066	-84.783791
13555.151367	-85.713768
13560.534668	-85.889961
13565.917969	-84.497612
13571.301270	-84.421646
13576.684570	-83.373955
13582.067871	-80.904633
13587.451172	-80.254601
13592.834473	-81.842583
13598.217773	-84.135284
13603.601074	-85.194748
13608.984375	-84.029579
13614.367676	-83.036102
13619.750977	-82.607391
13625.134277	-82.894188
13630.517578	-81.879471
13635.900879	-84.571815
13641.284180	-83.722260
13646.667480	-83.869308
13652.050781	-85.125214
13657.434082	-82.792114
13662.817383	-83.004089
13668.200684	-84.396622
13673.583984	-85.640915
13678.967285	-85.468170
13684.350586	-83.675728
13689.733887	-82.352615
13695.117188	-83.593056
13700.500488	-83.394753
13705.883789	-82.400742
13711.267090	-82.450211
13716.650391	-84.107964
13722.033691	-83.562836
13727.416992	-83.178871
13732.800293	-82.277527
13738.183594	-81.637306
13743.566895	-84.597862
13748.950195	-84.272522
13754.333496	-83.957428
13759.716797	-85.021301
13765.100098	-85.643921
13770.483398	-85.874657
13775.866699	-83.315369
13781.250000	-83.606697
13786.633301	-84.645920
13792.016602	-84.168793
13797.399902	-85.907608
13802.783203	-86.426041
13808.166504	-86.162750
13813.549805	-84.155136
13818.933105	-83.883469
13824.316406	-84.254845
13829.699707	-84.304459
13835.083008	-84.524612
13840.466309	-84.923538
13845.849609	-86.336914
13851.232910	-86.493896
13856.616211	-84.788841
13861.999512	-83.364761
13867.382812	-84.010056
13872.766113	-84.818176
13878.149414	-85.567680
13883.532715	-87.027390
13888.916016	-85.531837
13894.299316	-86.008484
13899.682617	-85.604149
13905.065918	-85.475128
13910.449219	-86.241898
13915.832520	-86.558395
13921.215820	-87.092697
13926.599121	-86.031792
13931.982422	-86.319153
13937.365723	-86.176292
13942.749023	-85.015259
13948.132324	-84.427040
13953.515625	-85.121338
13958.898926	-84.747536
13964.282227	-86.275909
13969.665527	-87.437119
13975.048828	-84.460381
13980.432129	-84.274757
13985.815430	-85.617310
13991.198730	-86.724129
13996.582031	-86.320984
14001.965332	-85.880447
14007.348633	-85.249687
14012.731934	-84.954819
14018.115234	-85.330894
14023.498535	-88.477020
14028.881836	-86.555168
14034.265137	-85.226669
14039.648438	-86.541138
14045.031738	-88.304306
14050.415039	-86.062790
14055.798340	-86.034767
14061.181641	-84.658073
14066.564941	-86.482292
14071.948242	-86.829651
14077.331543	-86.508194
14082.714844	-86.843094
14088.098145	-87.353683
14093.481445	-86.284576
14098.864746	-84.993324
14104.248047	-85.470108
14109.631348	-85.522606
14115.014648	-86.674171
14120.397949	-88.246574
14125.781250	-87.226334
14131.164551	-86.020645
14136.547852	-86.539764
14141.931152	-86.639519
14147.314453	-85.332344
14152.697754	-86.796234
14158.081055	-86.917595
14163.464355	-87.386909
14168.847656	-87.385979
14174.230957	-87.647232
14179.614258	-87.361465
14184.997559	-85.701759
14190.380859	-85.587624
14195.764160	-87.246231
14201.147461	-87.699181
14206.530762	-86.905075
14211.914062	-86.520576
14217.297363	-87.122955
14222.680664	-85.477768
14228.063965	-86.350800
14233.447266	-86.441727
14238.830566	-86.336365
14244.213867	-86.185661
14249.597168	-86.938477
14254.980469	-85.830086
14260.363770	-85.880547
14265.747070	-86.442505
14271.130371	-86.083473
14276.513672	-85.018219
14281.896973	-83.551575
14287.280273	-85.802956
14292.663574	-86.504280
14298.046875	-85.725883
14303.430176	-84.042412
14308.813477	-84.059441
14314.196777	-84.884964
14319.580078	-85.429398
14324.963379	-83.395699
14330.346680	-84.492119
14335.729980	-86.006699
14341.113281	-85.986542
14346.496582	-84.606995
14351.879883	-84.615311
14357.263184	-85.861389
14362.646484	-87.281311
14368.029785	-88.065948
14373.413086	-87.200386
14378.796387	-85.917442
14384.179688	-88.208412
14389.562988	-88.579285
14394.946289	-87.189331
14400.329590	-85.458374
14405.712891	-84.208069
14411.096191	-86.879814
14416.479492	-86.552811
14421.862793	-85.798943
14427.246094	-85.432732
14432.629395	-86.076050
14438.012695	-86.090813
14443.395996	-84.666733
14448.779297	-84.362389
14454.162598	-85.820496
14459.545898	-85.723335
14464.929199	-86.527130
14470.312500	-86.673271
14475.695801	-85.765984
14481.079102	-85.996361
14486.462402	-86.312813
14491.845703	-86.043243
14497.229004	-83.818169
14502.612305	-84.025665
14507.995605	-84.249619
14513.378906	-85.287346
14518.762207	-84.723274
14524.145508	-83.526260
14529.528809	-82.874779
14534.912109	-82.822334
14540.295410	-85.328903
14545.678711	-84.850800
14551.062012	-85.090172
14556.445312	-83.719658
14561.828613	-83.054489
14567.211914	-83.709679
14572.595215	-84.526451
14577.978516	-85.523003
14583.361816	-85.272675
14588.745117	-84.834335
14594.128418	-84.579124
14599.511719	-84.048393
14604.895020	-83.222786
14610.278320	-84.711418
14615.661621	-85.660919
14621.044922	-83.904083
14626.428223	-83.941277
14631.811523	-84.170654
14637.194824	-82.801590
14642.578125	-83.618759
14647.961426	-84.699440
14653.344727	-85.107216
14658.728027	-84.988281
14664.111328	-83.840149
14669.494629	-85.120819
14674.877930	-83.894455
14680.261230	-84.333015
14685.644531	-84.160599
14691.027832	-84.298851
14696.411133	-85.068123
14701.794434	-84.578217
14707.177734	-84.775322
14712.561035	-84.314110
14717.944336	-83.873619
14723.327637	-82.783516
14728.710938	-81.189613
14734.094238	-82.313438
14739.477539	-82.950668
14744.860840	-82.987473
14750.244141	-83.619881
14755.627441	-83.409012
14761.010742	-83.542084
14766.394043	-85.336304
14771.777344	-83.554604
14777.160645	-82.604195
14782.543945	-83.358475
14787.927246	-82.310593
14793.310547	-83.565994
14798.693848	-85.110031
14804.077148	-86.089005
14809.460449	-85.082886
14814.843750	-83.111618
14820.227051	-83.344086
14825.610352	-83.158524
14830.993652	-84.433723
14836.376953	-83.739227
14841.760254	-83.239891
14847.143555	-83.971458
14852.526855	-84.298302
14857.910156	-82.477486
14863.293457	-84.010674
14868.676758	-83.896866
14874.060059	-83.460876
14879.443359	-82.807648
14884.826660	-82.971115
14890.209961	-83.554871
14895.593262	-85.422295
14900.976562	-85.642120
14906.359863	-84.160629
14911.743164	-83.990265
14917.126465	-83.946037
14922.509766	-83.679497
14927.893066	-82.165039
14933.276367	-83.547150
14938.659668	-84.572891
14944.042969	-83.267944
14949.426270	-82.432426
14954.809570	-82.320930
14960.192871	-83.170975
14965.576172	-82.088455
14970.959473	-81.903595
14976.342773	-83.863617
14981.726074	-83.340065
14987.109375	-83.266975
14992.492676	-83.141037
14997.875977	-81.091400
15003.259277	-81.357368
15008.642578	-81.009598
15014.025879	-83.103500
15019.409180	-83.322372
15024.792480	-82.083214
15030.175781	-81.701096
15035.559082	-82.338112
15040.942383	-83.072060
15046.325684	-84.265617
15051.708984	-83.598534
15057.092285	-85.430092
15062.475586	-85.811066
15067.858887	-83.146194
15073.242188	-83.243050
15078.625488	-85.928947
15084.008789	-84.442841
15089.392090	-84.159386
15094.775391	-83.389206
15100.158691	-81.015114
15105.541992	-81.807297
15110.925293	-82.946968
15116.308594	-85.560730
15121.691895	-83.471848
15127.075195	-82.157043
15132.458496	-84.111259
15137.841797	-83.696136
15143.225098	-82.690559
15148.608398	-82.816658
15153.991699	-83.366112
15159.375000	-81.780914
15164.758301	-82.767036
15170.141602	-83.275681
15175.524902	-82.121483
15180.908203	-83.789726
15186.291504	-85.119484
15191.674805	-81.935448
15197.058105	-82.899757
15202.441406	-82.978409
15207.824707	-82.179092
15213.208008	-83.226410
15218.591309	-84.717636
15223.974609	-83.905128
15229.357910	-83.337906
15234.741211	-85.103355
15240.124512	-85.025490
15245.507812	-85.813950
15250.891113	-85.681900
15256.274414	-84.649994
15261.657715	-84.225395
15267.041016	-84.613365
15272.424316	-84.136627
15277.807617	-83.380928
15283.190918	-83.303215
15288.574219	-83.287758
15293.957520	-83.923714
15299.340820	-82.778809
15304.724121	-80.679031
15310.107422	-82.996170
15315.490723	-84.066460
15320.874023	-82.840958
15326.257324	-84.371964
15331.640625	-84.991196
15337.023926	-85.328445
15342.407227	-84.387215
15347.790527	-83.933090
15353.173828	-84.474243
15358.557129	-85.608765
15363.940430	-84.226341
15369.323730	-84.076271
15374.707031	-85.093597
15380.090332	-84.433792
15385.473633	-86.078285
15390.856934	-87.651077
15396.240234	-83.409309
15401.623535	-81.874382
15407.006836	-86.001930
15412.390137	-86.945564
15417.773438	-84.261902
15423.156738	-84.331795
15428.540039	-83.824219
15433.923340	-82.196259
15439.306641	-83.141388
15444.689941	-84.432617
15450.073242	-84.246422
15455.456543	-82.686424
15460.839844	-83.869545
15466.223145	-84.474571
15471.606445	-85.093170
15476.989746	-85.378296
15482.373047	-84.950943
15487.756348	-85.062546
15493.139648	-85.767334
15498.522949	-85.211166
15503.906250	-85.127029
15509.289551	-82.745331
15514.672852	-81.689873
15520.056152	-84.259018
15525.439453	-85.854919
15530.822754	-85.314995
15536.206055	-86.894592
15541.589355	-84.461182
15546.972656	-84.456795
15552.355957	-84.714211
15557.739258	-83.645737
15563.122559	-83.949883
15568.505859	-84.074051
15573.889160	-84.368484
15579.272461	-85.826530
15584.655762	-85.704735
15590.039062	-84.808411
15595.422363	-84.507660
15600.805664	-84.945457
15606.188965	-84.747627
15611.572266	-85.222588
15616.955566	-87.356964
15622.338867	-85.808899
15627.722168	-84.795662
15633.105469	-85.415489
15638.488770	-86.271805
15643.872070	-85.503647
15649.255371	-86.894363
15654.638672	-88.279861
15660.021973	-87.017380
15665.405273	-87.272476
15670.788574	-86.923203
15676.171875	-85.258415
15681.555176	-84.611137
15686.938477	-86.596352
15692.321777	-87.508827
15697.705078	-87.495689
15703.088379	-86.624680
15708.471680	-87.704491
15713.854980	-88.870644
15719.238281	-86.731834
15724.621582	-85.204323
15730.004883	-86.707237
15735.388184	-87.274376
15740.771484	-87.696220
15746.154785	-88.634186
15751.538086	-87.220314
15756.921387	-86.439308
15762.304688	-87.323013
15767.687988	-86.674225
15773.071289	-86.006599
15778.454590	-87.875381
15783.837891	-88.244446
15789.221191	-87.590080
15794.604492	-87.416679
15799.987793	-86.620827
15805.371094	-86.884224
15810.754395	-87.733757
15816.137695	-88.130829
15821.520996	-87.647598
15826.904297	-86.137207
15832.287598	-85.413757
15837.670898	-85.778801
15843.054199	-87.535912
15848.437500	-88.805504
15853.820801	-86.590637
15859.204102	-87.028641
15864.587402	-87.978378
15869.970703	-88.241646
15875.354004	-89.055214
15880.737305	-88.624588
15886.120605	-88.492058
15891.503906	-89.270798
15896.887207	-89.508499
15902.270508	-88.818436
15907.653809	-88.588066
15913.037109	-87.812157
15918.420410	-88.420059
15923.803711	-89.087593
15929.187012	-89.057304
15934.570312	-89.938530
15939.953613	-89.561172
15945.336914	-88.314781
15950.720215	-88.298317
15956.103516	-89.073326
15961.486816	-89.582520
15966.870117	-89.027542
15972.253418	-89.149162
15977.636719	-90.145538
15983.020020	-90.597389
15988.403320	-90.354706
15993.786621	-90.238335
15999.169922	-89.754135
16004.553223	-90.211075
16009.936523	-90.717117
16015.319824	-90.446510
16020.703125	-90.543320
16026.086426	-91.214661
16031.469727	-91.038437
16036.853027	-90.231071
16042.236328	-91.003128
16047.619629	-91.019714
16053.002930	-91.784355
16058.386230	-92.828125
16063.769531	-92.620346
16069.152832	-92.976082
16074.536133	-91.700134
16079.919434	-91.062714
16085.302734	-92.873787
16090.686035	-93.318825
16096.069336	-92.436356
16101.452637	-92.768463
16106.835938	-93.206085
16112.219238	-92.938774
16117.602539	-92.282272
16122.985840	-91.584137
16128.369141	-90.206787
16133.752441	-92.121620
16139.135742	-93.537895
16144.519043	-93.606888
16149.902344	-93.646378
16155.285645	-92.961922
16160.668945	-93.031433
16166.052246	-93.901436
16171.435547	-93.542191
16176.818848	-93.163582
16182.202148	-93.134094
16187.585449	-93.590042
16192.968750	-94.459778
16198.352051	-94.341377
16203.735352	-93.662415
16209.118652	-93.596359
16214.501953	-93.687027
16219.885254	-93.682617
16225.268555	-93.891121
16230.651855	-93.783890
16236.035156	-94.125137
16241.418457	-94.556549
16246.801758	-94.634796
16252.185059	-94.261391
16257.568359	-93.862862
16262.951660	-93.949715
16268.334961	-94.442368
16273.718262	-94.152939
16279.101562	-94.534348
16284.484863	-94.741241
16289.868164	-94.435516
16295.251465	-94.687004
16300.634766	-94.639488
16306.018066	-94.925598
16311.401367	-95.109627
16316.784668	-94.890846
16322.167969	-94.522263
16327.551270	-94.405106
16332.934570	-94.498871
16338.317871	-95.030777
16343.701172	-94.989273
16349.084473	-94.964020
16354.467773	-94.715584
16359.851074	-94.489822
16365.234375	-94.710060
16370.617676	-94.931824
16376.000977	-94.532814
16381.384277	-94.310600
16386.767578	-94.708008
16392.150879	-94.657471
16397.534180	-94.856613
16402.917480	-94.761192
16408.300781	-94.443626
16413.684082	-95.035423
16419.067383	-94.743607
16424.450684	-94.551003
16429.833984	-94.777725
16435.217285	-94.479889
16440.600586	-94.734634
16445.983887	-95.002945
16451.367188	-94.522156
16456.750488	-94.416664
16462.133789	-94.653343
16467.517090	-94.164337
16472.900391	-94.372169
16478.283691	-94.695999
16483.666992	-94.758339
16489.050293	-94.734879
16494.433594	-94.884781
16499.816895	-94.046021
16505.200195	-94.118996
16510.583496	-94.333244
16515.966797	-94.485596
16521.350098	-94.676369
16526.733398	-94.398003
16532.116699	-94.635033
16537.500000	-94.767860
16542.883301	-94.717003
16548.266602	-94.564796
16553.649902	-94.386620
16559.033203	-94.467354
16564.416504	-94.681816
16569.799805	-94.612427
16575.183105	-94.408043
16580.566406	-94.305550
16585.949707	-94.647789
16591.333008	-94.771591
16596.716309	-94.426796
16602.099609	-94.216553
16607.482910	-94.321083
16612.866211	-94.356766
16618.249512	-94.273689
16623.632812	-94.427994
16629.016113	-94.433159
16634.399414	-94.122772
16639.782715	-93.576935
16645.166016	-94.340652
16650.549316	-94.544151
16655.932617	-94.363487
16661.315918	-94.519867
16666.699219	-94.321495
16672.082520	-94.219856
16677.465820	-94.382881
16682.849121	-94.538551
16688.232422	-94.221451
16693.615723	-94.033394
16698.999023	-94.309631
16704.382324	-94.740768
16709.765625	-94.646896
16715.148926	-94.482559
16720.532227	-94.272026
16725.915527	-94.298462
16731.298828	-94.195389
16736.682129	-94.019569
16742.065430	-94.137436
16747.448730	-94.371201
16752.832031	-94.410767
16758.215332	-94.189156
16763.598633	-94.164566
16768.981934	-94.238380
16774.365234	-94.624626
16779.748535	-94.393814
16785.131836	-94.158516
16790.515137	-94.148682
16795.898438	-94.266045
16801.281738	-94.420235
16806.665039	-93.952415
16812.048340	-93.830284
16817.431641	-93.709396
16822.814941	-94.168205
16828.198242	-94.489189
16833.581543	-94.274803
16838.964844	-93.664040
16844.348145	-93.607750
16849.731445	-93.723572
16855.114746	-93.544136
16860.498047	-93.390099
16865.881348	-93.631638
16871.264648	-94.147461
16876.647949	-94.207130
16882.031250	-93.652313
16887.414551	-93.934074
16892.797852	-94.068626
16898.181152	-93.871597
16903.564453	-93.912117
16908.947754	-93.736572
16914.331055	-93.711983
16919.714355	-94.154449
16925.097656	-93.711739
16930.480957	-93.255623
16935.864258	-93.457588
16941.247559	-93.380898
16946.630859	-93.642578
16952.014160	-93.106911
16957.397461	-92.976784
16962.780762	-93.594841
16968.164062	-93.576851
16973.547363	-93.514679
16978.930664	-93.703560
16984.313965	-93.360420
16989.697266	-93.892517
16995.080566	-92.906136
17000.463867	-92.662804
17005.847168	-93.403915
17011.230469	-93.330933
17016.613770	-93.875946
17021.997070	-93.885895
17027.380371	-93.266365
17032.763672	-93.523628
17038.146973	-93.273911
17043.530273	-93.370346
17048.913574	-93.716347
17054.296875	-94.442032
17059.680176	-94.247520
17065.063477	-94.041733
17070.446777	-93.789368
17075.830078	-93.803703
17081.213379	-93.447296
17086.596680	-93.089455
17091.979980	-93.194107
17097.363281	-93.566154
17102.746582	-93.906219
17108.129883	-94.013138
17113.513184	-93.623482
17118.896484	-93.251343
17124.279785	-93.141724
17129.663086	-94.228943
17135.046387	-93.867073
17140.429688	-93.551689
17145.812988	-94.152817
17151.196289	-94.060966
17156.579590	-93.326759
17161.962891	-93.221832
17167.346191	-93.858276
17172.729492	-94.084366
17178.112793	-93.842346
17183.496094	-94.304916
17188.879395	-94.385429
17194.262695	-94.276711
17199.645996	-93.998108
17205.029297	-93.414322
17210.412598	-93.271194
17215.795898	-93.678688
17221.179199	-93.929863
17226.562500	-94.078262
17231.945801	-94.780800
17237.329102	-94.859772
17242.712402	-94.350098
17248.095703	-93.733894
17253.479004	-92.804474
17258.862305	-93.228958
17264.245605	-93.812263
17269.628906	-94.056908
17275.012207	-94.611893
17280.395508	-94.508423
17285.778809	-94.297089
17291.162109	-94.162407
17296.545410	-94.649361
17301.928711	-94.516853
17307.312012	-94.120583
17312.695312	-94.034195
17318.078613	-94.714355
17323.461914	-94.809509
17328.845215	-94.465057
17334.228516	-94.294815
17339.611816	-94.792130
17344.995117	-94.797241
17350.378418	-94.508018
17355.761719	-94.572708
17361.145020	-94.447884
17366.528320	-94.156532
17371.911621	-94.454124
17377.294922	-94.813599
17382.678223	-95.000626
17388.061523	-94.713211
17393.444824	-95.103676
17398.828125	-95.101677
17404.211426	-95.024200
17409.594727	-95.203140
17414.978027	-94.786079
17420.361328	-94.777008
17425.744629	-95.155807
17431.127930	-95.437981
17436.511230	-95.532066
17441.894531	-95.376450
17447.277832	-95.247154
17452.661133	-95.272102
17458.044434	-95.447723
17463.427734	-94.765854
17468.811035	-94.930458
17474.194336	-95.531929
17479.577637	-95.539955
17484.960938	-95.362068
17490.344238	-95.342491
17495.727539	-95.487915
17501.110840	-95.406723
17506.494141	-95.578171
17511.877441	-95.415688
17517.260742	-95.712746
17522.644043	-95.435638
17528.027344	-95.592064
17533.410645	-95.730751
17538.793945	-95.698288
17544.177246	-96.187599
17549.560547	-95.894447
17554.943848	-96.178810
17560.327148	-96.073555
17565.710449	-95.895271
17571.093750	-95.838097
17576.477051	-95.757095
17581.860352	-95.679398
17587.243652	-96.023140
17592.626953	-96.018822
17598.010254	-95.989006
17603.393555	-96.071800
17608.776855	-95.664093
17614.160156	-95.387245
17619.543457	-96.010063
17624.926758	-96.482956
17630.310059	-96.224365
17635.693359	-96.115944
17641.076660	-96.289993
17646.459961	-96.475388
17651.843262	-96.540565
17657.226562	-96.088638
17662.609863	-96.059441
17667.993164	-96.272781
17673.376465	-96.226723
17678.759766	-96.109009
17684.143066	-96.320381
17689.526367	-96.210129
17694.909668	-95.889442
17700.292969	-96.258286
17705.676270	-96.450661
17711.059570	-96.370018
17716.442871	-96.779137
17721.826172	-96.623367
17727.209473	-96.377335
17732.592773	-96.305069
17737.976074	-96.613037
17743.359375	-96.822456
17748.742676	-96.968590
17754.125977	-96.462570
17759.509277	-96.429497
17764.892578	-96.761879
17770.275879	-96.870720
17775.659180	-96.783752
17781.042480	-96.600342
17786.425781	-96.657547
17791.809082	-96.555099
17797.192383	-96.625160
17802.575684	-96.755600
17807.958984	-96.792938
17813.342285	-96.988274
17818.725586	-97.005203
17824.108887	-96.861237
17829.492188	-96.620346
17834.875488	-96.938293
17840.258789	-97.054260
17845.642090	-97.485741
17851.025391	-97.538544
17856.408691	-97.756355
17861.791992	-97.444458
17867.175293	-97.305008
17872.558594	-97.176666
17877.941895	-97.039642
17883.325195	-97.006050
17888.708496	-97.145363
17894.091797	-97.497971
17899.475098	-97.399811
17904.858398	-97.321892
17910.241699	-97.189011
17915.625000	-97.009804
17921.008301	-97.230476
17926.391602	-97.680794
17931.774902	-97.401924
17937.158203	-97.308800
17942.541504	-97.592163
17947.924805	-97.731903
17953.308105	-97.488716
17958.691406	-97.343819
17964.074707	-97.591034
17969.458008	-97.659920
17974.841309	-97.656647
17980.224609	-96.921593
17985.607910	-96.896461
17990.991211	-97.387856
17996.374512	-97.245529
18001.757812	-97.483109
18007.141113	-97.916016
18012.524414	-97.609329
18017.907715	-97.187462
18023.291016	-97.295189
18028.674316	-97.657425
18034.057617	-97.517418
18039.440918	-97.146118
18044.824219	-97.442116
18050.207520	-97.957832
18055.590820	-97.675743
18060.974121	-97.510513
18066.357422	-97.540611
18071.740723	-97.951973
18077.124023	-97.882217
18082.507324	-97.396996
18087.890625	-97.902832
18093.273926	-97.526787
18098.657227	-97.431870
18104.040527	-97.890358
18109.423828	-98.080070
18114.807129	-98.096962
18120.190430	-97.673218
18125.573730	-97.483566
18130.957031	-97.354019
18136.340332	-97.982399
18141.723633	-98.067574
18147.106934	-98.068283
18152.490234	-98.353432
18157.873535	-98.376350
18163.256836	-97.967583
18168.640137	-98.094276
18174.023438	-98.276428
18179.406738	-98.248085
18184.790039	-98.430664
18190.173340	-98.185249
18195.556641	-97.901031
18200.939941	-98.049339
18206.323242	-97.963448
18211.706543	-97.735603
18217.089844	-98.170013
18222.473145	-98.109352
18227.856445	-98.014565
18233.239746	-98.007309
18238.623047	-97.857307
18244.006348	-97.898621
18249.389648	-98.019524
18254.772949	-98.322220
18260.156250	-98.252747
18265.539551	-97.709045
18270.922852	-97.686195
18276.306152	-98.256874
18281.689453	-98.833824
18287.072754	-99.123856
18292.456055	-99.014458
18297.839355	-98.705437
18303.222656	-98.508118
18308.605957	-98.533318
18313.989258	-98.292870
18319.372559	-98.062454
18324.755859	-98.183083
18330.139160	-98.501366
18335.522461	-98.481697
18340.905762	-97.966255
18346.289062	-98.488785
18351.672363	-98.873383
18357.055664	-98.661682
18362.438965	-98.108406
18367.822266	-98.604408
18373.205566	-98.866783
18378.588867	-99.119728
18383.972168	-98.883278
18389.355469	-98.409592
18394.738770	-98.673302
18400.122070	-99.125183
18405.505371	-99.200760
18410.888672	-99.058464
18416.271973	-98.515610
18421.655273	-98.223381
18427.038574	-98.597588
18432.421875	-98.622177
18437.805176	-98.575829
18443.188477	-98.539978
18448.571777	-98.579239
18453.955078	-98.227013
18459.338379	-98.200340
18464.721680	-98.001167
18470.104980	-98.587273
18475.488281	-99.229378
18480.871582	-99.134857
18486.254883	-98.037224
18491.638184	-98.657883
18497.021484	-98.518188
18502.404785	-98.929749
18507.788086	-98.667778
18513.171387	-98.604706
18518.554688	-98.807556
18523.937988	-98.921066
18529.321289	-99.116760
18534.704590	-98.668045
18540.087891	-98.538605
18545.471191	-98.458527
18550.854492	-99.038971
18556.237793	-98.596336
18561.621094	-98.918587
18567.004395	-99.210442
18572.387695	-98.893333
18577.770996	-98.626549
18583.154297	-98.609184
18588.537598	-99.132935
18593.920898	-99.225220
18599.304199	-99.531975
18604.687500	-99.512184
18610.070801	-98.870453
18615.454102	-98.934395
18620.837402	-98.204979
18626.220703	-98.811684
18631.604004	-98.937050
18636.987305	-98.723175
18642.370605	-99.026787
18647.753906	-98.744133
18653.137207	-98.211700
18658.520508	-98.032707
18663.903809	-98.392509
18669.287109	-98.796524
18674.670410	-99.441994
18680.053711	-99.356194
18685.437012	-99.150055
18690.820312	-99.159897
18696.203613	-99.065926
18701.586914	-98.512756
18706.970215	-97.959930
18712.353516	-98.908745
18717.736816	-99.015144
18723.120117	-100.104156
18728.503418	-98.811928
18733.886719	-98.251282
18739.270020	-98.955498
18744.653320	-99.641136
18750.036621	-98.518974
18755.419922	-98.419342
18760.803223	-98.331429
18766.186523	-98.832649
18771.569824	-99.310608
18776.953125	-99.396446
18782.336426	-98.975647
18787.719727	-97.927597
18793.103027	-97.940392
18798.486328	-99.549294
18803.869629	-99.309837
18809.252930	-98.642860
18814.636230	-98.769447
18820.019531	-98.058220
18825.402832	-98.635704
18830.786133	-99.474205
18836.169434	-99.411911
18841.552734	-99.396858
18846.936035	-99.860725
18852.319336	-99.727562
18857.702637	-99.240509
18863.085938	-98.721451
18868.469238	-98.746353
18873.852539	-99.119431
18879.235840	-98.840446
18884.619141	-99.579437
18890.002441	-98.521439
18895.385742	-97.988266
18900.769043	-97.665947
18906.152344	-97.405220
18911.535645	-98.332115
18916.918945	-99.129768
18922.302246	-99.130913
18927.685547	-98.495140
18933.068848	-98.323875
18938.452148	-97.807693
18943.835449	-97.805855
18949.218750	-97.663971
18954.602051	-97.786636
18959.985352	-98.748894
18965.368652	-98.980652
18970.751953	-98.867775
18976.135254	-97.756287
18981.518555	-97.811089
18986.901855	-96.763817
18992.285156	-96.727104
18997.668457	-98.690544
19003.051758	-98.752686
19008.435059	-98.586395
19013.818359	-97.488701
19019.201660	-97.644493
19024.584961	-97.841866
19029.968262	-95.372986
19035.351562	-96.003525
19040.734863	-96.965652
19046.118164	-97.572105
19051.501465	-97.828835
19056.884766	-96.223251
19062.268066	-96.192894
19067.651367	-97.213829
19073.034668	-97.021225
19078.417969	-96.061432
19083.801270	-97.419106
19089.184570	-99.136238
19094.567871	-99.309135
19099.951172	-98.216652
19105.334473	-96.939537
19110.717773	-96.961235
19116.101074	-99.226082
19121.484375	-97.847916
19126.867676	-97.599670
19132.250977	-98.250992
19137.634277	-95.873894
19143.017578	-96.624809
19148.400879	-96.462097
19153.784180	-97.149437
19159.167480	-97.742523
19164.550781	-98.558907
19169.934082	-97.954620
19175.317383	-95.743996
19180.700684	-94.383171
19186.083984	-95.203667
19191.467285	-97.593369
19196.850586	-98.139343
19202.233887	-98.137184
19207.617188	-99.381508
19213.000488	-99.219551
19218.383789	-98.159439
19223.767090	-97.483078
19229.150391	-95.352562
19234.533691	-95.432137
19239.916992	-95.549667
19245.300293	-94.779312
19250.683594	-94.638351
19256.066895	-96.209023
19261.450195	-97.268341
19266.833496	-97.951851
19272.216797	-97.890167
19277.600098	-97.607216
19282.983398	-97.656479
19288.366699	-97.591209
19293.750000	-97.708115
19299.133301	-97.564674
19304.516602	-96.925926
19309.899902	-97.275703
19315.283203	-98.049484
19320.666504	-96.617210
19326.049805	-95.987640
19331.433105	-94.899040
19336.816406	-94.657410
19342.199707	-96.152641
19347.583008	-97.300247
19352.966309	-95.506905
19358.349609	-95.499458
19363.732910	-97.434715
19369.116211	-96.318703
19374.499512	-95.056969
19379.882812	-96.567589
19385.266113	-98.675201
19390.649414	-96.162010
19396.032715	-95.342094
19401.416016	-96.355179
19406.799316	-97.775360
19412.182617	-98.771561
19417.565918	-98.221664
19422.949219	-97.762573
19428.332520	-96.958168
19433.715820	-97.209419
19439.099121	-96.239426
19444.482422	-95.736397
19449.865723	-95.144379
19455.249023	-95.956070
19460.632324	-96.805153
19466.015625	-95.512062
19471.398926	-96.429558
19476.782227	-96.899673
19482.165527	-97.345451
19487.548828	-95.684853
19492.932129	-93.987030
19498.315430	-95.619644
19503.698730	-96.468506
19509.082031	-95.229782
19514.465332	-95.340889
19519.848633	-97.576515
19525.231934	-96.291321
19530.615234	-95.429382
19535.998535	-96.505356
19541.381836	-96.625229
19546.765137	-97.607613
19552.148438	-96.924553
19557.531738	-96.427109
19562.915039	-96.378426
19568.298340	-95.065880
19573.681641	-93.892212
19579.064941	-95.845833
19584.448242	-96.925789
19589.831543	-95.049393
19595.214844	-94.501038
19600.598145	-95.608299
19605.981445	-96.703110
19611.364746	-97.508804
19616.748047	-96.787697
19622.131348	-95.006813
19627.514648	-94.651543
19632.897949	-95.614716
19638.281250	-97.095467
19643.664551	-98.078011
19649.047852	-97.196640
19654.431152	-96.787506
19659.814453	-96.484993
19665.197754	-97.390396
19670.581055	-98.372932
19675.964355	-96.816658
19681.347656	-95.410408
19686.730957	-94.742371
19692.114258	-94.991646
19697.497559	-96.110542
19702.880859	-95.264557
19708.264160	-94.408684
19713.647461	-95.393051
19719.030762	-96.646843
19724.414062	-98.613197
19729.797363	-98.187065
19735.180664	-98.141006
19740.563965	-99.141220
19745.947266	-97.129166
19751.330566	-95.765045
19756.713867	-94.275833
19762.097168	-94.788673
19767.480469	-96.212502
19772.863770	-96.389587
19778.247070	-96.044701
19783.630371	-97.386154
19789.013672	-98.292397
19794.396973	-95.676025
19799.780273	-94.879852
19805.163574	-96.135361
19810.546875	-95.980057
19815.930176	-96.030045
19821.313477	-98.908745
19826.696777	-96.896301
19832.080078	-97.523209
19837.463379	-97.073380
19842.846680	-97.139442
19848.229980	-98.888870
19853.613281	-98.621902
19858.996582	-98.942284
19864.379883	-97.524796
19869.763184	-97.872795
19875.146484	-97.007965
19880.529785	-97.222961
19885.913086	-96.039673
19891.296387	-97.093155
19896.679688	-98.013535
19902.062988	-95.930557
19907.446289	-97.136353
19912.829590	-97.892181
19918.212891	-98.180023
19923.596191	-98.616524
19928.979492	-100.298050
19934.362793	-98.719681
19939.746094	-97.862526
19945.129395	-96.496536
19950.512695	-97.118996
19955.895996	-98.695282
19961.279297	-97.832436
19966.662598	-96.854820
19972.045898	-98.060638
19977.429199	-99.754807
19982.812500	-99.147995
19988.195801	-98.812325
19993.579102	-96.590370
19998.962402	-98.272972
20004.345703	-99.290756
20009.729004	-101.072495
20015.112305	-101.529549
20020.495605	-103.629921
20025.878906	-99.622849
20031.262207	-98.713074
20036.645508	-99.470978
20042.028809	-99.569763
20047.412109	-99.174385
20052.795410	-99.043747
20058.178711	-101.218140
20063.562012	-102.354309
20068.945312	-100.654129
20074.328613	-100.375725
20079.711914	-99.800865
20085.095215	-99.407715
20090.478516	-100.007721
20095.861816	-99.852791
20101.245117	-101.720604
20106.628418	-102.016418
20112.011719	-101.888428
20117.395020	-99.207047
20122.778320	-100.493156
20128.161621	-99.206696
20133.544922	-98.219376
20138.928223	-99.887436
20144.311523	-100.839333
20149.694824	-101.324844
20155.078125	-102.430611
20160.461426	-102.332558
20165.844727	-101.238113
20171.228027	-99.957199
20176.611328	-98.920425
20181.994629	-101.711487
20187.377930	-104.382187
20192.761230	-103.551926
20198.144531	-101.070717
20203.527832	-101.324287
20208.911133	-101.072327
20214.294434	-103.710968
20219.677734	-104.697464
20225.061035	-105.044052
20230.444336	-104.615585
20235.827637	-103.218224
20241.210938	-104.140892
20246.594238	-103.978165
20251.977539	-103.814926
20257.360840	-104.351295
20262.744141	-104.468231
20268.127441	-103.379173
20273.510742	-103.495949
20278.894043	-102.144333
20284.277344	-102.246674
20289.660645	-103.969604
20295.043945	-105.225311
20300.427246	-105.292290
20305.810547	-104.675629
20311.193848	-103.744247
20316.577148	-104.572990
20321.960449	-104.968811
20327.343750	-104.739563
20332.727051	-104.653740
20338.110352	-103.293198
20343.493652	-104.691956
20348.876953	-105.123077
20354.260254	-105.167984
20359.643555	-105.399353
20365.026855	-105.383278
20370.410156	-106.140663
20375.793457	-105.291534
20381.176758	-105.833054
20386.560059	-109.265984
20391.943359	-106.414833
20397.326660	-106.495071
20402.709961	-107.040977
20408.093262	-106.863914
20413.476562	-106.566658
20418.859863	-107.279198
20424.243164	-107.238579
20429.626465	-106.984512
20435.009766	-107.746590
20440.393066	-107.905167
20445.776367	-107.565277
20451.159668	-108.666237
20456.542969	-107.749962
20461.926270	-107.783691
20467.309570	-107.824837
20472.692871	-107.264267
20478.076172	-107.097000
20483.459473	-108.230156
20488.842773	-110.806992
20494.226074	-111.003143
20499.609375	-110.836807
20504.992676	-111.122681
20510.375977	-110.070839
20515.759277	-108.672569
20521.142578	-109.672043
20526.525879	-110.565132
20531.909180	-109.767212
20537.292480	-110.983932
20542.675781	-111.147728
20548.059082	-110.860870
20553.442383	-111.625298
20558.825684	-110.614288
20564.208984	-109.049644
20569.592285	-109.924438
20574.975586	-113.146149
20580.358887	-110.015030
20585.742188	-110.362465
20591.125488	-111.690666
20596.508789	-109.922180
20601.892090	-111.519226
20607.275391	-112.626579
20612.658691	-111.043121
20618.041992	-110.721031
20623.425293	-110.636414
20628.808594	-110.496979
20634.191895	-111.144020
20639.575195	-111.379578
20644.958496	-112.943192
20650.341797	-114.743706
20655.725098	-114.743538
20661.108398	-113.540558
20666.491699	-112.753937
20671.875000	-114.159370
20677.258301	-113.075531
20682.641602	-112.057022
20688.024902	-112.557350
20693.408203	-110.983414
20698.791504	-112.062546
20704.174805	-114.834305
20709.558105	-115.487663
20714.941406	-115.320396
20720.324707	-114.960297
20725.708008	-115.053185
20731.091309	-116.348526
20736.474609	-115.839767
20741.857910	-115.213898
20747.241211	-115.108994
20752.624512	-115.157013
20758.007812	-116.413795
20763.391113	-115.251137
20768.774414	-115.727486
20774.157715	-116.262718
20779.541016	-117.026497
20784.924316	-117.967720
20790.307617	-116.130272
20795.690918	-115.888939
20801.074219	-118.463493
20806.457520	-117.320663
20811.840820	-117.237503
20817.224121	-117.578407
20822.607422	-116.767265
20827.990723	-116.294472
20833.374023	-117.384605
20838.757324	-118.083603
20844.140625	-117.614983
20849.523926	-117.395889
20854.907227	-118.083557
20860.290527	-118.651222
20865.673828	-119.331322
20871.057129	-117.766037
20876.440430	-116.905823
20881.823730	-116.722343
20887.207031	-119.378960
20892.590332	-120.297318
20897.973633	-118.838127
20903.356934	-119.788422
20908.740234	-117.707130
20914.123535	-118.881989
20919.506836	-119.948425
20924.890137	-121.529884
20930.273438	-123.159767
20935.656738	-121.986641
20941.040039	-119.450661
20946.423340	-119.380951
20951.806641	-120.866249
20957.189941	-121.413025
20962.573242	-119.502151
20967.956543	-120.491631
20973.339844	-122.076393
20978.723145	-121.811447
20984.106445	-121.684532
20989.489746	-121.722443
20994.873047	-123.134087
21000.256348	-123.984772
21005.639648	-125.281326
21011.022949	-124.304817
21016.406250	-123.318123
21021.789551	-121.810471
21027.172852	-123.948296
21032.556152	-125.201653
21037.939453	-123.275261
21043.322754	-124.016159
21048.706055	-122.698021
21054.089355	-124.370789
21059.472656	-125.832649
21064.855957	-126.180649
21070.239258	-125.944290
21075.622559	-125.107132
21081.005859	-125.777908
21086.389160	-126.532021
21091.772461	-126.380493
21097.155762	-125.323151
21102.539062	-126.113808
21107.922363	-127.288795
21113.305664	-125.830109
21118.688965	-127.117439
21124.072266	-128.435257
21129.455566	-128.473694
21134.838867	-127.960983
21140.222168	-128.335571
21145.605469	-129.278198
21150.988770	-127.806435
21156.372070	-126.557266
21161.755371	-125.822823
21167.138672	-128.732315
21172.521973	-130.510727
21177.905273	-130.260864
21183.288574	-130.853226
21188.671875	-130.743561
21194.055176	-129.160645
21199.438477	-129.785461
21204.821777	-129.246384
21210.205078	-131.610977
21215.588379	-130.772003
21220.971680	-130.985260
21226.354980	-131.660385
21231.738281	-132.388733
21237.121582	-132.955673
21242.504883	-133.466110
21247.888184	-132.441284
21253.271484	-131.632355
21258.654785	-132.471802
21264.038086	-132.941483
21269.421387	-132.833679
21274.804688	-131.856018
21280.187988	-132.853271
21285.571289	-134.236267
21290.954590	-134.379883
21296.337891	-135.767807
21301.721191	-136.445007
21307.104492	-136.803543
21312.487793	-135.941452
21317.871094	-135.966110
21323.254395	-134.821808
21328.637695	-135.934891
21334.020996	-136.850189
21339.404297	-136.925262
21344.787598	-136.556732
21350.170898	-138.671921
21355.554199	-138.559723
21360.937500	-138.128738
21366.320801	-138.226974
21371.704102	-139.011093
21377.087402	-140.509964
21382.470703	-137.690704
21387.854004	-138.453079
21393.237305	-140.722397
21398.620605	-140.408142
21404.003906	-140.504654
21409.387207	-140.906937
21414.770508	-141.064392
21420.153809	-141.289825
21425.537109	-141.638992
21430.920410	-140.876968
21436.303711	-141.590454
21441.687012	-142.737732
21447.070312	-143.204941
21452.453613	-143.509964
21457.836914	-143.181503
21463.220215	-144.408356
21468.603516	-144.733658
21473.986816	-144.094940
21479.370117	-144.622101
21484.753418	-143.922165
21490.136719	-144.092438
21495.520020	-145.077911
21500.903320	-145.653961
21506.286621	-146.306320
21511.669922	-146.452713
21517.053223	-146.530960
21522.436523	-146.991531
21527.819824	-148.037735
21533.203125	-147.379242
21538.586426	-146.895493
21543.969727	-146.893646
21549.353027	-149.493637
21554.736328	-149.343857
21560.119629	-149.045227
21565.502930	-149.459274
21570.886230	-149.626053
21576.269531	-150.062943
21581.652832	-149.892639
21587.036133	-150.652527
21592.419434	-151.168518
21597.802734	-150.072235
21603.186035	-151.632950
21608.569336	-151.840317
21613.952637	-150.951385
21619.335938	-151.369812
21624.719238	-151.993027
21630.102539	-153.062561
21635.485840	-153.330765
21640.869141	-152.355469
21646.252441	-152.095535
21651.635742	-152.500870
21657.019043	-153.324554
21662.402344	-154.742401
21667.785645	-155.679520
21673.168945	-154.806076
21678.552246	-153.434540
21683.935547	-154.010941
21689.318848	-155.215469
21694.702148	-153.988602
21700.085449	-153.628586
21705.468750	-155.057220
21710.852051	-156.027100
21716.235352	-156.087112
21721.618652	-156.406265
21727.001953	-156.264801
21732.385254	-157.686249
21737.768555	-157.846497
21743.151855	-156.823044
21748.535156	-157.098053
21753.918457	-157.023544
21759.301758	-156.983383
21764.685059	-157.597351
21770.068359	-157.408447
21775.451660	-158.435898
21780.834961	-159.082611
21786.218262	-159.566605
21791.601562	-159.773392
21796.984863	-159.410019
21802.368164	-159.026932
21807.751465	-158.826553
21813.134766	-158.611130
21818.518066	-158.455780
21823.901367	-158.899109
21829.284668	-159.546463
21834.667969	-160.341049
21840.051270	-161.208588
21845.434570	-161.523895
21850.817871	-161.652847
21856.201172	-160.823059
21861.584473	-160.863297
21866.967773	-161.730652
21872.351074	-162.789597
21877.734375	-162.236847
21883.117676	-162.462830
21888.500977	-162.817230
21893.884277	-163.354813
21899.267578	-162.542343
21904.650879	-161.602539
21910.034180	-161.489258
21915.417480	-161.865967
21920.800781	-163.220490
21926.184082	-163.728027
21931.567383	-164.089249
21936.950684	-163.590210
21942.333984	-163.616760
21947.717285	-164.368118
21953.100586	-165.045090
21958.483887	-165.200165
21963.867188	-164.349609
21969.250488	-164.542694
21974.633789	-164.591217
21980.017090	-164.821503
21985.400391	-165.167419
21990.783691	-164.448013
21996.166992	-164.659637
22001.550293	-164.335815
22006.933594	-165.336960
22012.316895	-164.257141
22017.700195	-164.030731
22023.083496	-164.695206
22028.466797	-165.705093
22033.850098	-165.378448
22039.233398	-163.306442
22044.616699	-162.244370
