Frequency (Hz)	Level (dB)
5.383301	-64.459702
10.766602	-62.065434
16.149902	-62.064690
21.533203	-63.853241
26.916504	-62.364540
32.299805	-63.096317
37.683105	-64.432846
43.066406	-62.387459
48.449707	-62.233261
53.833008	-62.578358
59.216309	-62.246082
64.599609	-63.879120
69.982910	-63.963257
75.366211	-64.187653
80.749512	-61.976292
86.132812	-62.343349
91.516113	-62.636826
96.899414	-62.015217
102.282715	-62.436852
107.666016	-61.783577
113.049316	-62.321606
118.432617	-61.499409
123.815918	-62.268280
129.199219	-62.546627
134.582520	-63.060074
139.965820	-65.599907
145.349121	-64.191795
150.732422	-63.417843
156.115723	-63.672253
161.499023	-62.009148
166.882324	-61.168449
172.265625	-62.366840
177.648926	-62.380001
183.032227	-63.255764
188.415527	-63.823048
193.798828	-63.401970
199.182129	-62.439445
204.565430	-63.262508
209.948730	-63.463562
215.332031	-64.641129
220.715332	-62.904915
226.098633	-61.680931
231.481934	-63.477238
236.865234	-64.320969
242.248535	-63.438099
247.631836	-63.271297
253.015137	-60.104500
258.398438	-59.679176
263.781738	-61.950798
269.165039	-63.379147
274.548340	-65.784500
279.931641	-65.706764
285.314941	-63.684509
290.698242	-64.875824
296.081543	-66.902184
301.464844	-62.477123
306.848145	-61.082668
312.231445	-64.402687
317.614746	-65.675934
322.998047	-65.437538
328.381348	-65.948578
333.764648	-63.660767
339.147949	-63.649372
344.531250	-63.001862
349.914551	-62.726631
355.297852	-64.224060
360.681152	-63.863785
366.064453	-63.644814
371.447754	-63.812279
376.831055	-63.500206
382.214355	-62.094891
387.597656	-62.852482
392.980957	-63.247341
398.364258	-63.645920
403.747559	-64.454674
409.130859	-63.262569
414.514160	-62.499809
419.897461	-62.950298
425.280762	-62.777355
430.664062	-62.117966
436.047363	-61.871876
441.430664	-62.988903
446.813965	-64.778870
452.197266	-64.100090
457.580566	-63.222649
462.963867	-63.402340
468.347168	-62.120655
473.730469	-62.381058
479.113770	-62.833542
484.497070	-63.565300
489.880371	-64.822914
495.263672	-63.374977
500.646973	-63.374989
506.030273	-62.813644
511.413574	-63.512569
516.796875	-62.535114
522.180176	-62.356110
527.563477	-60.938889
532.946777	-62.103851
538.330078	-64.547440
543.713379	-61.050648
549.096680	-60.586330
554.479980	-60.354668
559.863281	-62.118229
565.246582	-63.611233
570.629883	-63.363651
576.013184	-62.695740
581.396484	-62.143593
586.779785	-62.210449
592.163086	-63.506336
597.546387	-63.908478
602.929688	-64.831871
608.312988	-62.904816
613.696289	-62.072704
619.079590	-63.490948
624.462891	-62.982998
629.846191	-62.373100
635.229492	-64.645180
640.612793	-64.493759
645.996094	-63.569836
651.379395	-63.305634
656.762695	-62.281860
662.145996	-62.022549
667.529297	-65.245934
672.912598	-65.506683
678.295898	-63.798840
683.679199	-63.511753
689.062500	-64.810188
694.445801	-63.911068
699.829102	-62.501553
705.212402	-61.203957
710.595703	-63.280952
715.979004	-64.634109
721.362305	-64.275543
726.745605	-64.644669
732.128906	-65.649864
737.512207	-62.786591
742.895508	-63.069401
748.278809	-63.137733
753.662109	-62.104343
759.045410	-61.854191
764.428711	-64.676147
769.812012	-63.594818
775.195312	-61.942039
780.578613	-62.419102
785.961914	-62.370567
791.345215	-61.741341
796.728516	-62.978176
802.111816	-63.392361
807.495117	-62.439320
812.878418	-61.262184
818.261719	-61.605473
823.645020	-61.185474
829.028320	-61.542610
834.411621	-62.726311
839.794922	-61.701786
845.178223	-63.897465
850.561523	-63.750584
855.944824	-63.220280
861.328125	-63.518711
866.711426	-60.356911
872.094727	-59.508640
877.478027	-61.896862
882.861328	-63.119274
888.244629	-63.210571
893.627930	-63.386955
899.011230	-62.200905
904.394531	-63.004375
909.777832	-63.225666
915.161133	-62.711208
920.544434	-62.300575
925.927734	-60.820248
931.311035	-61.074734
936.694336	-63.087654
942.077637	-61.519794
947.460938	-60.535057
952.844238	-60.996483
958.227539	-62.498188
963.610840	-62.244732
968.994141	-63.805550
974.377441	-65.899918
979.760742	-61.579758
985.144043	-59.954044
990.527344	-64.715332
995.910645	-65.831879
1001.293945	-63.456192
1006.677246	-63.189774
1012.060547	-63.366329
1017.443848	-62.368107
1022.827148	-63.762394
1028.210449	-63.828453
1033.593750	-62.394382
1038.977051	-62.185471
1044.360352	-63.913601
1049.743652	-64.063202
1055.126953	-63.473160
1060.510254	-61.861710
1065.893555	-61.798336
1071.276855	-62.636341
1076.660156	-59.625408
1082.043457	-59.771526
1087.426758	-62.691296
1092.810059	-62.398735
1098.193359	-62.379013
1103.576660	-62.171841
1108.959961	-62.433205
1114.343262	-63.648819
1119.726562	-63.319862
1125.109863	-63.320690
1130.493164	-64.359695
1135.876465	-65.272781
1141.259766	-64.728172
1146.643066	-64.154877
1152.026367	-63.422951
1157.409668	-62.190010
1162.792969	-64.034088
1168.176270	-63.177025
1173.559570	-61.585251
1178.942871	-61.458256
1184.326172	-62.870686
1189.709473	-61.150661
1195.092773	-62.656521
1200.476074	-64.537216
1205.859375	-61.704308
1211.242676	-61.865021
1216.625977	-62.870766
1222.009277	-60.957859
1227.392578	-62.074917
1232.775879	-62.463367
1238.159180	-62.185276
1243.542480	-62.468403
1248.925781	-63.568813
1254.309082	-62.842056
1259.692383	-61.769657
1265.075684	-64.984940
1270.458984	-63.849892
1275.842285	-61.710270
1281.225586	-60.821499
1286.608887	-61.301716
1291.992188	-64.493057
1297.375488	-63.432419
1302.758789	-65.244888
1308.142090	-64.207932
1313.525391	-62.264492
1318.908691	-64.186806
1324.291992	-66.470467
1329.675293	-63.884369
1335.058594	-63.865559
1340.441895	-63.924828
1345.825195	-62.692089
1351.208496	-61.703644
1356.591797	-61.679733
1361.975098	-62.468231
1367.358398	-63.556351
1372.741699	-61.626793
1378.125000	-60.928959
1383.508301	-61.254169
1388.891602	-61.677429
1394.274902	-63.800724
1399.658203	-62.795502
1405.041504	-63.992836
1410.424805	-62.654869
1415.808105	-61.495941
1421.191406	-62.777248
1426.574707	-63.052166
1431.958008	-62.154583
1437.341309	-62.897755
1442.724609	-63.822639
1448.107910	-64.712021
1453.491211	-62.265797
1458.874512	-62.820057
1464.257812	-63.898911
1469.641113	-64.304085
1475.024414	-63.971550
1480.407715	-65.039093
1485.791016	-66.156151
1491.174316	-64.702576
1496.557617	-63.174332
1501.940918	-62.812180
1507.324219	-63.270897
1512.707520	-63.600208
1518.090820	-64.669838
1523.474121	-62.499809
1528.857422	-63.322468
1534.240723	-64.254814
1539.624023	-63.721539
1545.007324	-63.191036
1550.390625	-64.814705
1555.773926	-63.389690
1561.157227	-63.331295
1566.540527	-62.640125
1571.923828	-64.254951
1577.307129	-66.120125
1582.690430	-65.963341
1588.073730	-64.270790
1593.457031	-62.494530
1598.840332	-62.517445
1604.223633	-63.101589
1609.606934	-62.432537
1614.990234	-64.714081
1620.373535	-64.365036
1625.756836	-62.671036
1631.140137	-63.451771
1636.523438	-62.831871
1641.906738	-62.353966
1647.290039	-62.697811
1652.673340	-60.577953
1658.056641	-61.527061
1663.439941	-63.041660
1668.823242	-63.788597
1674.206543	-64.117493
1679.589844	-64.015747
1684.973145	-64.317383
1690.356445	-64.060333
1695.739746	-63.572639
1701.123047	-63.615391
1706.506348	-63.406319
1711.889648	-63.789886
1717.272949	-63.879520
1722.656250	-63.250633
1728.039551	-64.678925
1733.422852	-64.229988
1738.806152	-63.557064
1744.189453	-62.071384
1749.572754	-62.585041
1754.956055	-63.469002
1760.339355	-62.770981
1765.722656	-63.841557
1771.105957	-65.405701
1776.489258	-62.649136
1781.872559	-63.080761
1787.255859	-63.615845
1792.639160	-63.547516
1798.022461	-64.149712
1803.405762	-64.035095
1808.789062	-64.086212
1814.172363	-62.546455
1819.555664	-62.017410
1824.938965	-61.962891
1830.322266	-63.043442
1835.705566	-63.972969
1841.088867	-63.736614
1846.472168	-62.616241
1851.855469	-60.701954
1857.238770	-61.942642
1862.622070	-61.934608
1868.005371	-64.078957
1873.388672	-63.147018
1878.771973	-62.602016
1884.155273	-62.195583
1889.538574	-63.044113
1894.921875	-64.856171
1900.305176	-64.272751
1905.688477	-64.317535
1911.071777	-64.398384
1916.455078	-65.417915
1921.838379	-64.076805
1927.221680	-64.285011
1932.604980	-62.802227
1937.988281	-62.114197
1943.371582	-63.085884
1948.754883	-64.551872
1954.138184	-63.548473
1959.521484	-63.755119
1964.904785	-64.256950
1970.288086	-65.610725
1975.671387	-63.308800
1981.054688	-62.074139
1986.437988	-64.849487
1991.821289	-65.892960
1997.204590	-67.063805
2002.587891	-64.834389
2007.971191	-64.494499
2013.354492	-66.295090
2018.737793	-66.038979
2024.121094	-64.507729
2029.504395	-62.764111
2034.887695	-62.064812
2040.270996	-62.922482
2045.654297	-64.030792
2051.037598	-63.378048
2056.420898	-60.867184
2061.804199	-61.860294
2067.187500	-62.895924
2072.570801	-61.569721
2077.954102	-61.025829
2083.337402	-62.107449
2088.720703	-63.607105
2094.104004	-64.086235
2099.487305	-61.811626
2104.870605	-61.180996
2110.253906	-63.163208
2115.637207	-63.557053
2121.020508	-63.662155
2126.403809	-62.393795
2131.787109	-64.203773
2137.170410	-64.282578
2142.553711	-64.178574
2147.937012	-64.247246
2153.320312	-63.998440
2158.703613	-62.982998
2164.086914	-63.523949
2169.470215	-64.487495
2174.853516	-63.775867
2180.236816	-64.861809
2185.620117	-65.578888
2191.003418	-63.624100
2196.386719	-62.784557
2201.770020	-64.197754
2207.153320	-65.352226
2212.536621	-65.039124
2217.919922	-64.542358
2223.303223	-64.639442
2228.686523	-64.052231
2234.069824	-62.914730
2239.453125	-62.639568
2244.836426	-64.829514
2250.219727	-62.932766
2255.603027	-63.500198
2260.986328	-65.147690
2266.369629	-64.979240
2271.752930	-62.213432
2277.136230	-62.486427
2282.519531	-62.040737
2287.902832	-62.614868
2293.286133	-64.740486
2298.669434	-64.712791
2304.052734	-64.191521
2309.436035	-63.757942
2314.819336	-64.604317
2320.202637	-62.001175
2325.585938	-62.444118
2330.969238	-63.029217
2336.352539	-64.609169
2341.735840	-65.675270
2347.119141	-62.530640
2352.502441	-62.591358
2357.885742	-65.750290
2363.269043	-64.259621
2368.652344	-61.936047
2374.035645	-62.458420
2379.418945	-63.075962
2384.802246	-63.481026
2390.185547	-64.659264
2395.568848	-64.125420
2400.952148	-62.627552
2406.335449	-61.029606
2411.718750	-63.638645
2417.102051	-65.296333
2422.485352	-63.187904
2427.868652	-62.950485
2433.251953	-62.990101
2438.635254	-62.281303
2444.018555	-63.741455
2449.401855	-64.757584
2454.785156	-64.253387
2460.168457	-65.512184
2465.551758	-66.131691
2470.935059	-64.691994
2476.318359	-64.261971
2481.701660	-63.561428
2487.084961	-64.469917
2492.468262	-63.863544
2497.851562	-64.597626
2503.234863	-65.238632
2508.618164	-63.453224
2514.001465	-63.099850
2519.384766	-61.891232
2524.768066	-62.449829
2530.151367	-64.784851
2535.534668	-65.504631
2540.917969	-64.318825
2546.301270	-63.384346
2551.684570	-62.894676
2557.067871	-63.123180
2562.451172	-63.066532
2567.834473	-62.502647
2573.217773	-64.096886
2578.601074	-65.145439
2583.984375	-65.319290
2589.367676	-63.947086
2594.750977	-62.860863
2600.134277	-63.358578
2605.517578	-61.089283
2610.900879	-63.882092
2616.284180	-65.335869
2621.667480	-64.857407
2627.050781	-63.908295
2632.434082	-62.744682
2637.817383	-64.888275
2643.200684	-61.889797
2648.583984	-60.798756
2653.967285	-62.325153
2659.350586	-62.957134
2664.733887	-64.120316
2670.117188	-62.712292
2675.500488	-61.843456
2680.883789	-62.252647
2686.267090	-63.906704
2691.650391	-62.391716
2697.033691	-62.503548
2702.416992	-65.048874
2707.800293	-65.898613
2713.183594	-65.627754
2718.566895	-63.561840
2723.950195	-62.659222
2729.333496	-63.987659
2734.716797	-65.299385
2740.100098	-63.196659
2745.483398	-64.955009
2750.866699	-63.100609
2756.250000	-62.193340
2761.633301	-63.229511
2767.016602	-62.513962
2772.399902	-64.020569
2777.783203	-65.204216
2783.166504	-65.060356
2788.549805	-63.719318
2793.933105	-60.936474
2799.316406	-60.635849
2804.699707	-62.417953
2810.083008	-65.174637
2815.466309	-64.727409
2820.849609	-65.940536
2826.232910	-66.657616
2831.616211	-65.958618
2836.999512	-64.900124
2842.382812	-62.694675
2847.766113	-61.623528
2853.149414	-62.072674
2858.532715	-61.893494
2863.916016	-60.756634
2869.299316	-61.959282
2874.682617	-63.528137
2880.065918	-64.729172
2885.449219	-65.332184
2890.832520	-64.598907
2896.215820	-65.011253
2901.599121	-64.473648
2906.982422	-65.128342
2912.365723	-64.898537
2917.749023	-64.399841
2923.132324	-64.064957
2928.515625	-65.068367
2933.898926	-65.129753
2939.282227	-63.008682
2944.665527	-62.329292
2950.048828	-61.359451
2955.432129	-62.156258
2960.815430	-64.268112
2966.198730	-63.700405
2971.582031	-62.069462
2976.965332	-63.571255
2982.348633	-64.593719
2987.731934	-62.279610
2993.115234	-62.470818
2998.498535	-64.765198
3003.881836	-65.067924
3009.265137	-62.051403
3014.648438	-63.105904
3020.031738	-63.712200
3025.415039	-66.164803
3030.798340	-65.951988
3036.181641	-65.638069
3041.564941	-64.647797
3046.948242	-64.268509
3052.331543	-64.288841
3057.714844	-63.025349
3063.098145	-62.617363
3068.481445	-62.404896
3073.864746	-64.001495
3079.248047	-63.537159
3084.631348	-63.322159
3090.014648	-64.028725
3095.397949	-64.676025
3100.781250	-63.945896
3106.164551	-61.998299
3111.547852	-61.747849
3116.931152	-63.801376
3122.314453	-63.737926
3127.697754	-62.114895
3133.081055	-64.175186
3138.464355	-64.898392
3143.847656	-63.027561
3149.230957	-63.352150
3154.614258	-64.126663
3159.997559	-64.717354
3165.380859	-64.917328
3170.764160	-63.935917
3176.147461	-64.053825
3181.530762	-63.547821
3186.914062	-61.331268
3192.297363	-61.995930
3197.680664	-64.070251
3203.063965	-63.860699
3208.447266	-61.903797
3213.830566	-62.417152
3219.213867	-63.772923
3224.597168	-64.547806
3229.980469	-65.237000
3235.363770	-63.153576
3240.747070	-62.147305
3246.130371	-62.283436
3251.513672	-64.016098
3256.896973	-65.327461
3262.280273	-65.388885
3267.663574	-64.421783
3273.046875	-63.976025
3278.430176	-64.219666
3283.813477	-65.925140
3289.196777	-64.991844
3294.580078	-63.523079
3299.963379	-62.386581
3305.346680	-62.010780
3310.729980	-63.081455
3316.113281	-62.939041
3321.496582	-61.929771
3326.879883	-61.632202
3332.263184	-63.284927
3337.646484	-64.967003
3343.029785	-66.002052
3348.413086	-65.151001
3353.796387	-66.048630
3359.179688	-65.755356
3364.562988	-63.576302
3369.946289	-61.940521
3375.329590	-61.325172
3380.712891	-62.413574
3386.096191	-63.646900
3391.479492	-63.116585
3396.862793	-63.602001
3402.246094	-65.235931
3407.629395	-63.867226
3413.012695	-61.699932
3418.395996	-62.148735
3423.779297	-63.329128
3429.162598	-62.172306
3434.545898	-64.230217
3439.929199	-64.685738
3445.312500	-63.504742
3450.695801	-64.443443
3456.079102	-63.132767
3461.462402	-64.674004
3466.845703	-65.332977
3472.229004	-65.608063
3477.612305	-64.579063
3482.995605	-64.257507
3488.378906	-63.575832
3493.762207	-63.527100
3499.145508	-62.907223
3504.528809	-62.202564
3509.912109	-64.370110
3515.295410	-62.595695
3520.678711	-62.339909
3526.062012	-63.433117
3531.445312	-64.045418
3536.828613	-63.899334
3542.211914	-65.541893
3547.595215	-65.311188
3552.978516	-64.063934
3558.361816	-62.665054
3563.745117	-62.027252
3569.128418	-63.593327
3574.511719	-64.175438
3579.895020	-62.451797
3585.278320	-62.597912
3590.661621	-64.105476
3596.044922	-64.834160
3601.428223	-64.062973
3606.811523	-62.515438
3612.194824	-61.947571
3617.578125	-63.549191
3622.961426	-65.302345
3628.344727	-65.638916
3633.728027	-68.137383
3639.111328	-66.431412
3644.494629	-62.858570
3649.877930	-63.819778
3655.261230	-63.510773
3660.644531	-63.824352
3666.027832	-62.838379
3671.411133	-63.727356
3676.794434	-66.391846
3682.177734	-65.279861
3687.561035	-64.141121
3692.944336	-63.676086
3698.327637	-62.923939
3703.710938	-63.016121
3709.094238	-63.073792
3714.477539	-63.676777
3719.860840	-65.339066
3725.244141	-65.280426
3730.627441	-63.247799
3736.010742	-62.177170
3741.394043	-63.247501
3746.777344	-60.745609
3752.160645	-61.474953
3757.543945	-62.728058
3762.927246	-63.302059
3768.310547	-63.855511
3773.693848	-64.634941
3779.077148	-63.690891
3784.460449	-62.743790
3789.843750	-60.649086
3795.227051	-61.707130
3800.610352	-64.894730
3805.993652	-66.053162
3811.376953	-63.390472
3816.760254	-62.296589
3822.143555	-62.028290
3827.526855	-63.056053
3832.910156	-65.615646
3838.293457	-65.542152
3843.676758	-65.879951
3849.060059	-64.348190
3854.443359	-63.968971
3859.826660	-64.595001
3865.209961	-64.108482
3870.593262	-63.949085
3875.976562	-64.746056
3881.359863	-63.892227
3886.743164	-63.282463
3892.126465	-62.506302
3897.509766	-61.214447
3902.893066	-62.548031
3908.276367	-64.010818
3913.659668	-64.549477
3919.042969	-64.395920
3924.426270	-62.949699
3929.809570	-63.286472
3935.192871	-63.589165
3940.576172	-63.580555
3945.959473	-63.140091
3951.342773	-62.271065
3956.726074	-61.766888
3962.109375	-63.620300
3967.492676	-62.884850
3972.875977	-63.513046
3978.259277	-63.380608
3983.642578	-63.759857
3989.025879	-63.744022
3994.409180	-62.609932
3999.792480	-65.359016
4005.175781	-65.293526
4010.559082	-63.277065
4015.942383	-63.952801
4021.325684	-64.322258
4026.708984	-63.277252
4032.092285	-63.922691
4037.475586	-64.120880
4042.858887	-63.663479
4048.242188	-63.836414
4053.625488	-64.697693
4059.008789	-63.676567
4064.392090	-64.393509
4069.775391	-64.210556
4075.158691	-63.544357
4080.541992	-63.477509
4085.925293	-63.030090
4091.308594	-62.681160
4096.691895	-62.522835
4102.075195	-65.174782
4107.458496	-66.436348
4112.841797	-65.944717
4118.225098	-66.167564
4123.608398	-65.460136
4128.991699	-64.129532
4134.375000	-63.362015
4139.758301	-64.913414
4145.141602	-64.317421
4150.524902	-64.563957
4155.908203	-65.344208
4161.291504	-64.628647
4166.674805	-65.293854
4172.058105	-64.927238
4177.441406	-63.647514
4182.824707	-62.058296
4188.208008	-65.793518
4193.591309	-64.428543
4198.974609	-62.753147
4204.357910	-64.155258
4209.741211	-63.508358
4215.124512	-62.796082
4220.507812	-65.212265
4225.891113	-64.363518
4231.274414	-62.826015
4236.657715	-62.988705
4242.041016	-62.331970
4247.424316	-62.663212
4252.807617	-63.233082
4258.190918	-63.575191
4263.574219	-65.820808
4268.957520	-66.375443
4274.340820	-65.420105
4279.724121	-63.819221
4285.107422	-64.212120
4290.490723	-64.933983
4295.874023	-62.768867
4301.257324	-63.084057
4306.640625	-62.324093
4312.023926	-61.320984
4317.407227	-63.879242
4322.790527	-65.345268
4328.173828	-65.866440
4333.557129	-64.722359
4338.940430	-64.743553
4344.323730	-65.151726
4349.707031	-65.936729
4355.090332	-64.669426
4360.473633	-64.294937
4365.856934	-64.038933
4371.240234	-64.611244
4376.623535	-64.742043
4382.006836	-63.907639
4387.390137	-64.558556
4392.773438	-64.781532
4398.156738	-65.972496
4403.540039	-65.172409
4408.923340	-63.523827
4414.306641	-65.165672
4419.689941	-65.970612
4425.073242	-64.351547
4430.456543	-65.304848
4435.839844	-64.293404
4441.223145	-63.602776
4446.606445	-63.438873
4451.989746	-65.061119
4457.373047	-64.469414
4462.756348	-64.128250
4468.139648	-63.810978
4473.522949	-64.634666
4478.906250	-64.668106
4484.289551	-64.841125
4489.672852	-62.673325
4495.056152	-62.159225
4500.439453	-63.048611
4505.822754	-65.800781
4511.206055	-64.296387
4516.589355	-64.261192
4521.972656	-63.436012
4527.355957	-62.279263
4532.739258	-64.235909
4538.122559	-64.518944
4543.505859	-67.052032
4548.889160	-66.636749
4554.272461	-64.608337
4559.655762	-62.497475
4565.039062	-63.566612
4570.422363	-64.741096
4575.805664	-63.507301
4581.188965	-62.495968
4586.572266	-64.483574
4591.955566	-64.457016
4597.338867	-64.145821
4602.722168	-63.671669
4608.105469	-64.356018
4613.488770	-64.975647
4618.872070	-66.319756
4624.255371	-66.524734
4629.638672	-65.247314
4635.021973	-63.476753
4640.405273	-62.992188
4645.788574	-66.490570
4651.171875	-64.293320
4656.555176	-63.830528
4661.938477	-63.483852
4667.321777	-62.638180
4672.705078	-65.373268
4678.088379	-65.217377
4683.471680	-65.626625
4688.854980	-64.389656
4694.238281	-63.999107
4699.621582	-64.950577
4705.004883	-65.100395
4710.388184	-63.794495
4715.771484	-63.381672
4721.154785	-64.816826
4726.538086	-64.083870
4731.921387	-63.516758
4737.304688	-64.989952
4742.687988	-65.752129
4748.071289	-64.401894
4753.454590	-64.475853
4758.837891	-65.007423
4764.221191	-64.724846
4769.604492	-62.593868
4774.987793	-61.466145
4780.371094	-61.896381
4785.754395	-65.899940
4791.137695	-65.218056
4796.520996	-65.276665
4801.904297	-65.543854
4807.287598	-63.681019
4812.670898	-63.374081
4818.054199	-62.745544
4823.437500	-63.881420
4828.820801	-64.453064
4834.204102	-63.529583
4839.587402	-64.137527
4844.970703	-64.404312
4850.354004	-64.685852
4855.737305	-65.435379
4861.120605	-64.590752
4866.503906	-63.154888
4871.887207	-62.961960
4877.270508	-63.245937
4882.653809	-63.897255
4888.037109	-61.988155
4893.420410	-61.756618
4898.803711	-63.530323
4904.187012	-63.659187
4909.570312	-64.576004
4914.953613	-65.327980
4920.336914	-65.738762
4925.720215	-64.537270
4931.103516	-64.281715
4936.486816	-62.968704
4941.870117	-62.862625
4947.253418	-63.649689
4952.636719	-64.432266
4958.020020	-63.401604
4963.403320	-64.366592
4968.786621	-65.492241
4974.169922	-64.733543
4979.553223	-64.453278
4984.936523	-64.115120
4990.319824	-65.793259
4995.703125	-64.358528
5001.086426	-62.124348
5006.469727	-64.584908
5011.853027	-65.103813
5017.236328	-63.878643
5022.619629	-64.009766
5028.002930	-64.340820
5033.386230	-64.174667
5038.769531	-64.527855
5044.152832	-63.688950
5049.536133	-62.779289
5054.919434	-64.429359
5060.302734	-64.557167
5065.686035	-65.548843
5071.069336	-64.243820
5076.452637	-65.021133
5081.835938	-65.594765
5087.219238	-64.284294
5092.602539	-64.232834
5097.985840	-63.923515
5103.369141	-62.783253
5108.752441	-63.597427
5114.135742	-64.268509
5119.519043	-65.215561
5124.902344	-65.403999
5130.285645	-64.739616
5135.668945	-64.494835
5141.052246	-65.763306
5146.435547	-66.368080
5151.818848	-63.776981
5157.202148	-62.871231
5162.585449	-64.879013
5167.968750	-67.311554
5173.352051	-64.755196
5178.735352	-65.610535
5184.118652	-65.156303
5189.501953	-66.479218
5194.885254	-65.726624
5200.268555	-64.713722
5205.651855	-66.495995
5211.035156	-65.065804
5216.418457	-65.475021
5221.801758	-67.133263
5227.185059	-64.813644
5232.568359	-63.751858
5237.951660	-63.794853
5243.334961	-64.964394
5248.718262	-66.294945
5254.101562	-65.336899
5259.484863	-63.318710
5264.868164	-64.029686
5270.251465	-64.194275
5275.634766	-66.171936
5281.018066	-68.988174
5286.401367	-67.564613
5291.784668	-64.155998
5297.167969	-61.963165
5302.551270	-64.393097
5307.934570	-64.114113
5313.317871	-62.141510
5318.701172	-62.451878
5324.084473	-65.414314
5329.467773	-65.225708
5334.851074	-65.193451
5340.234375	-64.518501
5345.617676	-64.955856
5351.000977	-67.769920
5356.384277	-65.371597
5361.767578	-63.716038
5367.150879	-64.572578
5372.534180	-63.251537
5377.917480	-64.498116
5383.300781	-63.517902
5388.684082	-63.682922
5394.067383	-64.786400
5399.450684	-66.051094
5404.833984	-67.406754
5410.217285	-65.521034
5415.600586	-64.355965
5420.983887	-63.300488
5426.367188	-63.148586
5431.750488	-61.728535
5437.133789	-61.736740
5442.517090	-63.039944
5447.900391	-63.946934
5453.283691	-65.659454
5458.666992	-65.939331
5464.050293	-64.440216
5469.433594	-64.942223
5474.816895	-62.477142
5480.200195	-64.255806
5485.583496	-65.849594
5490.966797	-65.973892
5496.350098	-64.242043
5501.733398	-65.094437
5507.116699	-66.005470
5512.500000	-66.127182
5517.883301	-63.265858
5523.266602	-62.784374
5528.649902	-62.675976
5534.033203	-64.693840
5539.416504	-65.347260
5544.799805	-64.925865
5550.183105	-66.316856
5555.566406	-64.370003
5560.949707	-65.427719
5566.333008	-66.992432
5571.716309	-67.333870
5577.099609	-65.092079
5582.482910	-63.385460
5587.866211	-64.682625
5593.249512	-64.931290
5598.632812	-66.691444
5604.016113	-65.883415
5609.399414	-65.278305
5614.782715	-65.082603
5620.166016	-64.319382
5625.549316	-63.333496
5630.932617	-61.344322
5636.315918	-62.622555
5641.699219	-64.947357
5647.082520	-66.103226
5652.465820	-66.497673
5657.849121	-66.281067
5663.232422	-64.089378
5668.615723	-63.228630
5673.999023	-64.648560
5679.382324	-66.477165
5684.765625	-66.246719
5690.148926	-65.934799
5695.532227	-66.132378
5700.915527	-66.743835
5706.298828	-68.091003
5711.682129	-67.494377
5717.065430	-65.081024
5722.448730	-63.087311
5727.832031	-62.675182
5733.215332	-62.743782
5738.598633	-64.924294
5743.981934	-64.924316
5749.365234	-65.902199
5754.748535	-65.713104
5760.131836	-65.990036
5765.515137	-64.921379
5770.898438	-65.003700
5776.281738	-64.692917
5781.665039	-64.425308
5787.048340	-66.819336
5792.431641	-65.911407
5797.814941	-63.172371
5803.198242	-64.699516
5808.581543	-67.371689
5813.964844	-66.567963
5819.348145	-66.034325
5824.731445	-65.488495
5830.114746	-65.919708
5835.498047	-67.367538
5840.881348	-66.861107
5846.264648	-63.823559
5851.647949	-64.719917
5857.031250	-67.189766
5862.414551	-65.837868
5867.797852	-65.242790
5873.181152	-64.640297
5878.564453	-63.097717
5883.947754	-66.480698
5889.331055	-66.447906
5894.714355	-65.463531
5900.097656	-65.418808
5905.480957	-64.784203
5910.864258	-65.040039
5916.247559	-64.924866
5921.630859	-64.213402
5927.014160	-65.757370
5932.397461	-65.027771
5937.780762	-64.312767
5943.164062	-62.453941
5948.547363	-62.328197
5953.930664	-63.231548
5959.313965	-63.187859
5964.697266	-64.197327
5970.080566	-65.573532
5975.463867	-64.911781
5980.847168	-63.546932
5986.230469	-65.239929
5991.613770	-65.782974
5996.997070	-65.082748
6002.380371	-67.503052
6007.763672	-65.429306
6013.146973	-65.308075
6018.530273	-67.160889
6023.913574	-70.104698
6029.296875	-67.477669
6034.680176	-63.819920
6040.063477	-65.511017
6045.446777	-66.807899
6050.830078	-65.589996
6056.213379	-63.197052
6061.596680	-62.808193
6066.979980	-62.883381
6072.363281	-64.254028
6077.746582	-65.067551
6083.129883	-65.937347
6088.513184	-65.208496
6093.896484	-66.055855
6099.279785	-65.641197
6104.663086	-65.975662
6110.046387	-65.324509
6115.429688	-65.364380
6120.812988	-65.720299
6126.196289	-67.159912
6131.579590	-65.724495
6136.962891	-65.231499
6142.346191	-65.732391
6147.729492	-67.245857
6153.112793	-68.218819
6158.496094	-67.890984
6163.879395	-67.011238
6169.262695	-67.026535
6174.645996	-66.039421
6180.029297	-65.866196
6185.412598	-66.526947
6190.795898	-65.185295
6196.179199	-63.779442
6201.562500	-63.369064
6206.945801	-63.304726
6212.329102	-64.059570
6217.712402	-65.258972
6223.095703	-65.402565
6228.479004	-64.942177
6233.862305	-64.932892
6239.245605	-63.835766
6244.628906	-63.147873
6250.012207	-65.313980
6255.395508	-64.321228
6260.778809	-65.524223
6266.162109	-67.782173
6271.545410	-66.683807
6276.928711	-67.925377
6282.312012	-67.711815
6287.695312	-67.284996
6293.078613	-65.243217
6298.461914	-64.302254
6303.845215	-65.042198
6309.228516	-65.537430
6314.611816	-64.404991
6319.995117	-63.318275
6325.378418	-64.241577
6330.761719	-65.032433
6336.145020	-65.701797
6341.528320	-64.933022
6346.911621	-65.795059
6352.294922	-66.215302
6357.678223	-65.119225
6363.061523	-65.400383
6368.444824	-64.653168
6373.828125	-64.731583
6379.211426	-65.188438
6384.594727	-64.336105
6389.978027	-65.433838
6395.361328	-65.291077
6400.744629	-67.305618
6406.127930	-66.540398
6411.511230	-67.338852
6416.894531	-66.857414
6422.277832	-68.479134
6427.661133	-66.832123
6433.044434	-66.171974
6438.427734	-65.841408
6443.811035	-64.192291
6449.194336	-64.007515
6454.577637	-65.590202
6459.960938	-65.763710
6465.344238	-65.760818
6470.727539	-66.548332
6476.110840	-65.986382
6481.494141	-65.190414
6486.877441	-65.718460
6492.260742	-67.156166
6497.644043	-65.399162
6503.027344	-65.033394
6508.410645	-65.598007
6513.793945	-64.161362
6519.177246	-63.928417
6524.560547	-65.973831
6529.943848	-67.050217
6535.327148	-66.598625
6540.710449	-67.138206
6546.093750	-67.535637
6551.477051	-66.973656
6556.860352	-66.812737
6562.243652	-65.314713
6567.626953	-62.274654
6573.010254	-64.713585
6578.393555	-66.213478
6583.776855	-66.538246
6589.160156	-66.460464
6594.543457	-68.567177
6599.926758	-66.157402
6605.310059	-64.376663
6610.693359	-66.453827
6616.076660	-66.533272
6621.459961	-66.861938
6626.843262	-65.539574
6632.226562	-66.433662
6637.609863	-66.141167
6642.993164	-63.974678
6648.376465	-63.024078
6653.759766	-65.381088
6659.143066	-68.210228
6664.526367	-68.679253
6669.909668	-68.688751
6675.292969	-66.951508
6680.676270	-65.380562
6686.059570	-64.282051
6691.442871	-66.561874
6696.826172	-67.812332
6702.209473	-65.838257
6707.592773	-65.485466
6712.976074	-65.715569
6718.359375	-66.138794
6723.742676	-65.327881
6729.125977	-64.985161
6734.509277	-65.503822
6739.892578	-65.294174
6745.275879	-66.048004
6750.659180	-66.816246
6756.042480	-66.159325
6761.425781	-64.251625
6766.809082	-64.381920
6772.192383	-66.247154
6777.575684	-67.247002
6782.958984	-64.654381
6788.342285	-63.657635
6793.725586	-64.694748
6799.108887	-64.478165
6804.492188	-64.092804
6809.875488	-64.540756
6815.258789	-67.935577
6820.642090	-69.828606
6826.025391	-68.866150
6831.408691	-68.107071
6836.791992	-66.966080
6842.175293	-67.769684
6847.558594	-67.547218
6852.941895	-64.710388
6858.325195	-64.232559
6863.708496	-64.470215
6869.091797	-65.880295
6874.475098	-67.099014
6879.858398	-65.039925
6885.241699	-64.254089
6890.625000	-65.174164
6896.008301	-65.800461
6901.391602	-65.170059
6906.774902	-65.895264
6912.158203	-66.557526
6917.541504	-63.869873
6922.924805	-64.593468
6928.308105	-66.892288
6933.691406	-67.225937
6939.074707	-65.909691
6944.458008	-65.543404
6949.841309	-64.627014
6955.224609	-65.891037
6960.607910	-67.890862
6965.991211	-68.741852
6971.374512	-66.243721
6976.757812	-66.472954
6982.141113	-65.884514
6987.524414	-67.081223
6992.907715	-65.803192
6998.291016	-65.453674
7003.674316	-65.887543
7009.057617	-63.678699
7014.440918	-62.248543
7019.824219	-64.449554
7025.207520	-67.466217
7030.590820	-65.989029
7035.974121	-63.702484
7041.357422	-65.479340
7046.740723	-68.407280
7052.124023	-68.533531
7057.507324	-67.695480
7062.890625	-66.805786
7068.273926	-65.480164
7073.657227	-65.111656
7079.040527	-65.597031
7084.423828	-63.273304
7089.807129	-64.663406
7095.190430	-65.402794
7100.573730	-64.500450
7105.957031	-64.857803
7111.340332	-65.238991
7116.723633	-63.549938
7122.106934	-65.026527
7127.490234	-65.629051
7132.873535	-63.841564
7138.256836	-64.861000
7143.640137	-67.580864
7149.023438	-65.402428
7154.406738	-63.310253
7159.790039	-64.060745
7165.173340	-63.641624
7170.556641	-64.413643
7175.939941	-63.578300
7181.323242	-65.799568
7186.706543	-68.570229
7192.089844	-67.530144
7197.473145	-65.815125
7202.856445	-66.470276
7208.239746	-67.133759
7213.623047	-65.180672
7219.006348	-65.216164
7224.389648	-66.073639
7229.772949	-64.956505
7235.156250	-65.241035
7240.539551	-64.389191
7245.922852	-64.995216
7251.306152	-65.484802
7256.689453	-65.128075
7262.072754	-65.143730
7267.456055	-66.158463
7272.839355	-65.772293
7278.222656	-66.524887
7283.605957	-67.819481
7288.989258	-66.239311
7294.372559	-65.109673
7299.755859	-64.876534
7305.139160	-66.242477
7310.522461	-66.176277
7315.905762	-64.840744
7321.289062	-67.291039
7326.672363	-65.437454
7332.055664	-65.090256
7337.438965	-66.941010
7342.822266	-67.294411
7348.205566	-67.450371
7353.588867	-66.889168
7358.972168	-65.893288
7364.355469	-65.636887
7369.738770	-64.442726
7375.122070	-64.285835
7380.505371	-67.072174
7385.888672	-67.646271
7391.271973	-68.991707
7396.655273	-67.697273
7402.038574	-67.499817
7407.421875	-64.769112
7412.805176	-64.789101
7418.188477	-64.349380
7423.571777	-64.571419
7428.955078	-65.913132
7434.338379	-64.428848
7439.721680	-63.274422
7445.104980	-63.911892
7450.488281	-65.376823
7455.871582	-64.070183
7461.254883	-64.170235
7466.638184	-66.288567
7472.021484	-66.629486
7477.404785	-66.136993
7482.788086	-65.832062
7488.171387	-65.791573
7493.554688	-65.978127
7498.937988	-66.190582
7504.321289	-65.771530
7509.704590	-69.017204
7515.087891	-68.057327
7520.471191	-67.551239
7525.854492	-68.890320
7531.237793	-69.584061
7536.621094	-68.019966
7542.004395	-66.551254
7547.387695	-65.890831
7552.770996	-67.203796
7558.154297	-68.925896
7563.537598	-67.388733
7568.920898	-66.679741
7574.304199	-66.535637
7579.687500	-67.987404
7585.070801	-68.545082
7590.454102	-67.781548
7595.837402	-66.011444
7601.220703	-65.795677
7606.604004	-67.718361
7611.987305	-68.290016
7617.370605	-66.716843
7622.753906	-67.052208
7628.137207	-66.177414
7633.520508	-64.796570
7638.903809	-66.422867
7644.287109	-64.962799
7649.670410	-64.377426
7655.053711	-65.184357
7660.437012	-65.289803
7665.820312	-65.685776
7671.203613	-68.402267
7676.586914	-68.771629
7681.970215	-70.308716
7687.353516	-66.773361
7692.736816	-65.911644
7698.120117	-65.584610
7703.503418	-66.934845
7708.886719	-67.368973
7714.270020	-67.256706
7719.653320	-65.724640
7725.036621	-64.503784
7730.419922	-67.252937
7735.803223	-68.976578
7741.186523	-67.926117
7746.569824	-68.095978
7751.953125	-69.455551
7757.336426	-68.093430
7762.719727	-65.395126
7768.103027	-64.392807
7773.486328	-65.946083
7778.869629	-67.876526
7784.252930	-68.069893
7789.636230	-66.727264
7795.019531	-65.578041
7800.402832	-68.106079
7805.786133	-66.967827
7811.169434	-68.614525
7816.552734	-68.095421
7821.936035	-64.735603
7827.319336	-65.381134
7832.702637	-66.997749
7838.085938	-68.285431
7843.469238	-67.772995
7848.852539	-68.474640
7854.235840	-66.805824
7859.619141	-65.685829
7865.002441	-67.433846
7870.385742	-68.074059
7875.769043	-67.981728
7881.152344	-68.611786
7886.535645	-67.315460
7891.918945	-65.979721
7897.302246	-66.955414
7902.685547	-67.466476
7908.068848	-69.048965
7913.452148	-68.761925
7918.835449	-66.907524
7924.218750	-66.562477
7929.602051	-67.632950
7934.985352	-68.662376
7940.368652	-66.863106
7945.751953	-67.507370
7951.135254	-66.461182
7956.518555	-65.866615
7961.901855	-65.792648
7967.285156	-66.003441
7972.668457	-67.122841
7978.051758	-67.170242
7983.435059	-65.516960
7988.818359	-65.061859
7994.201660	-67.486710
7999.584961	-66.610016
8004.968262	-66.372948
8010.351562	-66.441559
8015.734863	-65.814651
8021.118164	-67.018921
8026.501465	-66.184616
8031.884766	-65.835060
8037.268066	-65.851791
8042.651367	-63.405231
8048.034668	-62.808258
8053.417969	-65.038483
8058.801270	-66.316963
8064.184570	-68.722404
8069.567871	-67.479218
8074.951172	-65.704231
8080.334473	-65.348068
8085.717773	-66.365883
8091.101074	-65.360077
8096.484375	-67.561455
8101.867676	-66.242645
8107.250977	-67.219795
8112.634277	-67.670715
8118.017578	-65.667206
8123.400879	-65.284134
8128.784180	-65.420227
8134.167480	-65.885979
8139.550781	-66.476929
8144.934082	-66.111862
8150.317383	-66.920372
8155.700684	-67.457191
8161.083984	-67.907875
8166.467285	-67.874207
8171.850586	-66.108604
8177.233887	-64.223083
8182.617188	-65.430382
8188.000488	-64.722092
8193.383789	-64.293701
8198.767090	-65.335182
8204.150391	-64.812843
8209.533691	-64.772438
8214.916992	-67.805611
8220.300293	-67.849739
8225.683594	-67.861771
8231.066895	-67.045677
8236.450195	-66.661911
8241.833496	-65.988564
8247.216797	-66.582764
8252.600098	-65.776833
8257.983398	-65.375244
8263.366699	-65.409004
8268.750000	-66.835724
8274.133301	-68.091263
8279.516602	-66.634415
8284.899902	-67.614182
8290.283203	-66.407700
8295.666504	-66.064751
8301.049805	-66.253235
8306.433105	-65.537086
8311.816406	-66.694466
8317.199707	-69.292770
8322.583008	-67.389816
8327.966309	-66.187096
8333.349609	-64.080086
8338.732910	-63.054916
8344.116211	-65.019485
8349.499512	-66.486809
8354.882812	-66.082924
8360.266113	-67.423103
8365.649414	-66.686752
8371.032715	-66.521698
8376.416016	-67.022163
8381.799316	-66.649002
8387.182617	-67.943954
8392.565918	-66.559776
8397.949219	-65.280838
8403.332520	-67.105331
8408.715820	-67.966858
8414.099121	-66.978951
8419.482422	-66.161163
8424.865723	-66.306778
8430.249023	-66.318497
8435.632324	-67.860107
8441.015625	-67.285332
8446.398926	-68.257141
8451.782227	-68.964920
8457.165527	-67.329697
8462.548828	-67.148735
8467.932129	-68.358963
8473.315430	-69.783516
8478.698730	-68.862289
8484.082031	-67.607788
8489.465332	-67.122917
8494.848633	-66.950447
8500.231934	-69.002380
8505.615234	-68.870972
8510.998535	-68.892342
8516.381836	-68.528763
8521.765137	-67.013908
8527.148438	-66.642998
8532.531738	-68.629822
8537.915039	-68.654671
8543.298340	-68.710770
8548.681641	-68.643738
8554.064941	-66.909134
8559.448242	-65.520386
8564.831543	-66.947548
8570.214844	-69.954651
8575.598145	-68.093552
8580.981445	-68.309120
8586.364746	-67.561676
8591.748047	-66.362160
8597.131348	-68.676895
8602.514648	-68.836449
8607.897949	-67.928566
8613.281250	-65.959648
8618.664551	-65.540680
8624.047852	-67.770950
8629.431152	-70.025665
8634.814453	-69.767464
8640.197754	-68.622040
8645.581055	-69.432190
8650.964355	-69.484520
8656.347656	-66.659698
8661.730957	-65.691628
8667.114258	-68.361877
8672.497559	-68.204033
8677.880859	-68.789986
8683.264160	-67.021973
8688.647461	-66.840065
8694.030762	-67.037621
8699.414062	-69.957115
8704.797363	-70.256126
8710.180664	-69.875305
8715.563965	-67.873596
8720.947266	-66.246132
8726.330566	-66.777092
8731.713867	-65.620155
8737.097168	-65.847214
8742.480469	-66.987213
8747.863770	-66.858513
8753.247070	-66.338326
8758.630371	-68.299355
8764.013672	-67.872833
8769.396973	-68.594360
8774.780273	-69.918304
8780.163574	-67.592545
8785.546875	-67.084442
8790.930176	-67.897667
8796.313477	-69.780510
8801.696777	-69.649666
8807.080078	-68.215111
8812.463379	-67.693611
8817.846680	-68.179695
8823.229980	-69.477158
8828.613281	-69.766403
8833.996582	-67.516998
8839.379883	-67.513115
8844.763184	-68.471954
8850.146484	-70.701492
8855.529785	-70.660172
8860.913086	-69.698029
8866.296387	-69.046051
8871.679688	-70.801041
8877.062988	-68.470116
8882.446289	-67.062386
8887.829590	-67.810020
8893.212891	-66.999573
8898.596191	-67.563263
8903.979492	-67.385643
8909.362793	-68.081139
8914.746094	-68.136429
8920.129395	-66.811523
8925.512695	-65.393410
8930.895996	-66.584976
8936.279297	-66.269653
8941.662598	-64.968445
8947.045898	-65.240814
8952.429199	-67.224876
8957.812500	-67.070923
8963.195801	-65.970032
8968.579102	-66.578018
8973.962402	-65.951210
8979.345703	-68.034866
8984.729004	-69.262230
8990.112305	-69.945686
8995.495605	-70.400864
9000.878906	-68.905800
9006.262207	-67.572159
9011.645508	-65.578674
9017.028809	-67.094673
9022.412109	-67.266159
9027.795410	-68.467529
9033.178711	-68.641052
9038.562012	-69.755447
9043.945312	-68.465012
9049.328613	-68.266266
9054.711914	-66.316322
9060.095215	-68.933281
9065.478516	-67.671730
9070.861816	-67.015602
9076.245117	-68.756905
9081.628418	-67.302841
9087.011719	-66.815170
9092.395020	-67.302658
9097.778320	-69.686897
9103.161621	-68.871269
9108.544922	-68.121414
9113.928223	-67.760239
9119.311523	-67.965660
9124.694824	-66.852310
9130.078125	-67.360031
9135.461426	-67.358971
9140.844727	-66.216362
9146.228027	-67.145630
9151.611328	-66.914055
9156.994629	-67.581787
9162.377930	-68.053818
9167.761230	-66.811584
9173.144531	-68.248154
9178.527832	-69.403603
9183.911133	-67.834976
9189.294434	-68.669640
9194.677734	-70.191238
9200.061035	-69.697578
9205.444336	-66.136208
9210.827637	-66.135063
9216.210938	-66.283218
9221.594238	-65.915688
9226.977539	-65.942856
9232.360840	-66.015823
9237.744141	-69.490837
9243.127441	-68.670761
9248.510742	-65.987625
9253.894043	-67.004265
9259.277344	-68.095703
9264.660645	-66.120979
9270.043945	-66.631798
9275.427246	-67.643341
9280.810547	-66.762100
9286.193848	-67.088959
9291.577148	-67.859848
9296.960449	-65.808029
9302.343750	-66.615578
9307.727051	-68.409111
9313.110352	-67.235176
9318.493652	-68.760414
9323.876953	-69.381355
9329.260254	-70.491768
9334.643555	-71.052711
9340.026855	-69.764862
9345.410156	-66.525726
9350.793457	-67.236389
9356.176758	-69.289604
9361.560059	-69.131630
9366.943359	-65.248299
9372.326660	-65.298882
9377.709961	-67.427879
9383.093262	-68.686363
9388.476562	-67.615417
9393.859863	-69.843834
9399.243164	-68.584686
9404.626465	-69.034111
9410.009766	-68.640785
9415.393066	-70.135010
9420.776367	-71.282249
9426.159668	-69.687492
9431.542969	-67.633118
9436.926270	-67.586113
9442.309570	-68.713898
9447.692871	-69.032654
9453.076172	-70.042374
9458.459473	-68.634773
9463.842773	-66.192924
9469.226074	-68.049286
9474.609375	-69.277626
9479.992676	-67.970985
9485.375977	-68.224907
9490.759277	-68.521416
9496.142578	-67.293709
9501.525879	-67.248100
9506.909180	-68.833649
9512.292480	-69.768723
9517.675781	-67.522453
9523.059082	-67.312241
9528.442383	-67.088715
9533.825684	-68.915321
9539.208984	-71.120323
9544.592285	-69.727463
9549.975586	-70.246201
9555.358887	-71.101341
9560.742188	-72.117416
9566.125488	-72.118515
9571.508789	-68.783775
9576.892090	-67.041672
9582.275391	-67.244339
9587.658691	-67.617195
9593.041992	-67.110527
9598.425293	-66.892525
9603.808594	-68.914131
9609.191895	-70.574974
9614.575195	-67.827072
9619.958496	-67.285240
9625.341797	-68.187508
9630.725098	-70.257988
9636.108398	-69.610771
9641.491699	-68.827774
9646.875000	-68.410538
9652.258301	-68.390747
9657.641602	-67.938583
9663.024902	-69.221603
9668.408203	-68.894882
9673.791504	-68.845322
9679.174805	-68.321121
9684.558105	-70.141220
9689.941406	-70.619804
9695.324707	-68.166260
9700.708008	-67.681076
9706.091309	-69.535881
9711.474609	-71.376740
9716.857910	-71.968300
9722.241211	-71.898750
9727.624512	-70.248009
9733.007812	-67.062378
9738.391113	-66.666420
9743.774414	-68.349434
9749.157715	-70.376259
9754.541016	-68.778618
9759.924316	-69.763222
9765.307617	-69.789703
9770.690918	-70.152367
9776.074219	-68.553268
9781.457520	-68.227081
9786.840820	-71.493690
9792.224121	-70.846199
9797.607422	-69.835426
9802.990723	-69.824753
9808.374023	-69.593918
9813.757324	-66.330482
9819.140625	-66.864006
9824.523926	-70.324989
9829.907227	-69.949722
9835.290527	-71.206665
9840.673828	-70.453293
9846.057129	-70.538902
9851.440430	-70.247307
9856.823730	-70.333931
9862.207031	-68.321640
9867.590332	-67.384727
9872.973633	-68.576569
9878.356934	-69.022247
9883.740234	-68.333839
9889.123535	-70.156288
9894.506836	-70.217461
9899.890137	-69.073563
9905.273438	-69.057739
9910.656738	-70.407433
9916.040039	-69.708633
9921.423340	-69.327995
9926.806641	-69.665108
9932.189941	-68.677414
9937.573242	-67.409866
9942.956543	-69.177765
9948.339844	-69.381889
9953.723145	-70.198639
9959.106445	-71.414917
9964.489746	-71.506775
9969.873047	-71.007759
9975.256348	-70.773697
9980.639648	-71.333771
9986.022949	-69.968330
9991.406250	-69.306381
9996.789551	-68.798622
10002.172852	-68.502296
10007.556152	-69.113564
10012.939453	-68.495529
10018.322754	-68.892799
10023.706055	-69.258530
10029.089355	-69.488777
10034.472656	-70.150200
10039.855957	-69.090965
10045.239258	-69.306206
10050.622559	-69.463989
10056.005859	-68.875221
10061.389160	-67.603233
10066.772461	-67.833633
10072.155762	-69.167610
10077.539062	-69.528160
10082.922363	-68.789330
10088.305664	-68.442505
10093.688965	-70.476540
10099.072266	-71.849686
10104.455566	-72.099884
10109.838867	-71.371071
10115.222168	-71.141365
10120.605469	-71.308739
10125.988770	-68.495560
10131.372070	-69.410378
10136.755371	-68.193214
10142.138672	-67.334930
10147.521973	-68.735352
10152.905273	-69.268677
10158.288574	-69.329521
10163.671875	-69.775101
10169.055176	-68.902077
10174.438477	-67.853485
10179.821777	-67.538231
10185.205078	-68.015907
10190.588379	-68.629440
10195.971680	-70.426430
10201.354980	-70.482903
10206.738281	-70.056046
10212.121582	-70.871941
10217.504883	-71.392967
10222.888184	-71.937157
10228.271484	-72.538498
10233.654785	-72.331299
10239.038086	-70.326973
10244.421387	-69.931061
10249.804688	-69.539871
10255.187988	-71.065460
10260.571289	-71.052345
10265.954590	-69.914230
10271.337891	-69.850685
10276.721191	-70.179565
10282.104492	-70.030525
10287.487793	-70.733368
10292.871094	-69.945992
10298.254395	-70.155136
10303.637695	-70.150856
10309.020996	-69.295074
10314.404297	-68.013893
10319.787598	-67.420006
10325.170898	-67.434975
10330.554199	-68.941528
10335.937500	-71.256500
10341.320801	-71.068230
10346.704102	-68.844749
10352.087402	-69.831093
10357.470703	-74.073090
10362.854004	-73.523422
10368.237305	-70.495163
10373.620605	-69.742599
10379.003906	-71.457031
10384.387207	-70.880997
10389.770508	-69.570984
10395.153809	-70.871948
10400.537109	-68.636116
10405.920410	-68.914589
10411.303711	-70.388504
10416.687012	-69.831566
10422.070312	-68.332184
10427.453613	-68.159622
10432.836914	-67.664757
10438.220215	-67.313583
10443.603516	-68.342926
10448.986816	-70.090897
10454.370117	-70.493263
10459.753418	-69.917809
10465.136719	-69.347305
10470.520020	-70.151566
10475.903320	-69.642136
10481.286621	-70.317734
10486.669922	-70.264732
10492.053223	-70.927429
10497.436523	-71.687820
10502.819824	-69.442184
10508.203125	-68.393677
10513.586426	-70.772186
10518.969727	-70.225540
10524.353027	-71.632309
10529.736328	-71.389046
10535.119629	-68.734894
10540.502930	-70.556335
10545.886230	-72.883865
10551.269531	-71.503181
10556.652832	-70.825111
10562.036133	-70.650887
10567.419434	-71.375862
10572.802734	-72.373589
10578.186035	-71.582466
10583.569336	-68.492500
10588.952637	-69.548180
10594.335938	-72.399879
10599.719238	-70.531570
10605.102539	-69.632523
10610.485840	-70.220688
10615.869141	-70.013466
10621.252441	-70.769005
10626.635742	-71.138252
10632.019043	-71.394753
10637.402344	-70.819534
10642.785645	-70.420158
10648.168945	-69.194046
10653.552246	-67.939247
10658.935547	-68.285973
10664.318848	-69.402115
10669.702148	-71.886131
10675.085449	-73.643990
10680.468750	-72.882751
10685.852051	-72.013908
10691.235352	-71.390594
10696.618652	-71.420715
10702.001953	-72.060089
10707.385254	-71.063210
10712.768555	-69.323730
10718.151855	-68.775696
10723.535156	-70.955505
10728.918457	-72.198067
10734.301758	-71.670372
10739.685059	-71.462364
10745.068359	-69.095596
10750.451660	-67.396523
10755.834961	-67.633553
10761.218262	-69.882790
10766.601562	-69.861618
10771.984863	-71.005669
10777.368164	-70.803635
10782.751465	-72.300186
10788.134766	-71.319496
10793.518066	-70.433044
10798.901367	-69.422256
10804.284668	-69.484314
10809.667969	-72.191330
10815.051270	-72.781746
10820.434570	-72.057152
10825.817871	-70.315987
10831.201172	-71.315704
10836.584473	-71.781998
10841.967773	-70.609787
10847.351074	-71.150093
10852.734375	-69.293999
10858.117676	-68.401604
10863.500977	-68.821373
10868.884277	-70.680748
10874.267578	-72.695900
10879.650879	-71.301003
10885.034180	-70.623741
10890.417480	-70.882217
10895.800781	-72.447495
10901.184082	-70.851044
10906.567383	-69.057159
10911.950684	-69.429031
10917.333984	-70.865417
10922.717285	-70.899445
10928.100586	-72.099022
10933.483887	-70.460915
10938.867188	-69.480194
10944.250488	-68.329124
10949.633789	-67.639099
10955.017090	-68.469460
10960.400391	-69.506248
10965.783691	-69.829544
10971.166992	-70.961739
10976.550293	-72.621742
10981.933594	-72.571877
10987.316895	-71.209633
10992.700195	-70.331314
10998.083496	-69.569038
11003.466797	-70.447845
11008.850098	-69.935799
11014.233398	-70.433380
11019.616699	-70.505318
11025.000000	-70.566460
11030.383301	-72.858551
11035.766602	-72.618370
11041.149902	-70.373634
11046.533203	-71.399261
11051.916504	-71.263412
11057.299805	-72.223465
11062.683105	-70.075531
11068.066406	-68.143448
11073.449707	-69.472679
11078.833008	-71.404274
11084.216309	-68.997887
11089.599609	-69.084618
11094.982910	-72.282394
11100.366211	-75.346931
11105.749512	-73.909523
11111.132812	-71.396591
11116.516113	-70.591721
11121.899414	-70.064308
11127.282715	-70.476891
11132.666016	-72.662056
11138.049316	-72.112129
11143.432617	-70.836220
11148.815918	-70.299301
11154.199219	-70.664772
11159.582520	-72.734703
11164.965820	-73.204201
11170.349121	-71.267380
11175.732422	-73.036041
11181.115723	-72.061653
11186.499023	-71.732819
11191.882324	-72.901466
11197.265625	-72.361923
11202.648926	-72.033203
11208.032227	-71.641136
11213.415527	-72.360611
11218.798828	-73.723305
11224.182129	-70.121506
11229.565430	-70.108902
11234.948730	-71.511490
11240.332031	-73.418640
11245.715332	-71.446175
11251.098633	-71.304214
11256.481934	-71.713669
11261.865234	-72.101631
11267.248535	-71.466354
11272.631836	-70.815987
11278.015137	-69.806053
11283.398438	-70.146294
11288.781738	-71.326622
11294.165039	-71.148476
11299.548340	-71.961075
11304.931641	-72.482208
11310.314941	-71.322708
11315.698242	-72.064362
11321.081543	-71.786598
11326.464844	-71.725266
11331.848145	-70.379333
11337.231445	-69.893768
11342.614746	-71.416183
11347.998047	-71.376610
11353.381348	-71.577057
11358.764648	-71.191376
11364.147949	-71.044701
11369.531250	-71.477234
11374.914551	-72.399712
11380.297852	-70.081253
11385.681152	-69.624557
11391.064453	-73.113365
11396.447754	-71.561577
11401.831055	-71.361084
11407.214355	-71.685608
11412.597656	-72.482918
11417.980957	-72.540451
11423.364258	-70.790054
11428.747559	-71.569557
11434.130859	-71.237839
11439.514160	-70.612976
11444.897461	-69.722008
11450.280762	-71.154861
11455.664062	-71.470589
11461.047363	-72.779541
11466.430664	-72.629974
11471.813965	-72.434059
11477.197266	-71.091866
11482.580566	-71.270027
11487.963867	-69.961792
11493.347168	-69.022850
11498.730469	-70.475113
11504.113770	-71.010406
11509.497070	-70.661705
11514.880371	-70.169342
11520.263672	-71.287567
11525.646973	-72.472641
11531.030273	-72.081451
11536.413574	-71.948532
11541.796875	-71.714058
11547.180176	-71.434555
11552.563477	-71.561943
11557.946777	-72.864876
11563.330078	-70.434151
11568.713379	-71.187592
11574.096680	-70.771500
11579.479980	-72.558365
11584.863281	-73.114166
11590.246582	-72.501602
11595.629883	-73.264366
11601.013184	-71.674797
11606.396484	-68.818581
11611.779785	-69.726746
11617.163086	-71.340118
11622.546387	-73.060837
11627.929688	-72.299507
11633.312988	-72.249046
11638.696289	-73.011223
11644.079590	-73.351143
11649.462891	-72.018654
11654.846191	-70.958031
11660.229492	-72.848602
11665.612793	-71.852097
11670.996094	-71.278961
11676.379395	-72.446510
11681.762695	-73.125595
11687.145996	-72.406693
11692.529297	-71.919800
11697.912598	-73.119202
11703.295898	-73.473557
11708.679199	-73.382851
11714.062500	-72.002159
11719.445801	-70.721443
11724.829102	-72.293724
11730.212402	-71.713127
11735.595703	-73.850677
11740.979004	-72.623100
11746.362305	-70.740234
11751.745605	-72.665588
11757.128906	-73.745041
11762.512207	-74.926659
11767.895508	-73.361122
11773.278809	-72.840805
11778.662109	-72.046432
11784.045410	-72.162857
11789.428711	-72.419716
11794.812012	-72.750832
11800.195312	-71.580742
11805.578613	-70.949112
11810.961914	-72.800217
11816.345215	-72.449013
11821.728516	-71.126328
11827.111816	-71.384666
11832.495117	-74.289886
11837.878418	-75.350624
11843.261719	-73.950035
11848.645020	-72.575661
11854.028320	-71.752762
11859.411621	-70.719765
11864.794922	-72.859879
11870.178223	-72.168579
11875.561523	-73.707596
11880.944824	-73.057373
11886.328125	-70.578735
11891.711426	-70.804962
11897.094727	-72.100159
11902.478027	-73.672913
11907.861328	-73.096794
11913.244629	-72.694366
11918.627930	-72.370605
11924.011230	-72.752762
11929.394531	-73.385841
11934.777832	-72.823189
11940.161133	-72.015686
11945.544434	-72.519997
11950.927734	-73.448143
11956.311035	-73.325241
11961.694336	-73.720406
11967.077637	-74.792175
11972.460938	-72.427483
11977.844238	-72.909973
11983.227539	-74.634293
11988.610840	-73.934998
11993.994141	-73.184128
11999.377441	-73.007530
12004.760742	-72.822937
12010.144043	-73.865471
12015.527344	-72.778458
12020.910645	-72.958427
12026.293945	-73.168190
12031.677246	-73.972519
12037.060547	-74.531914
12042.443848	-73.486267
12047.827148	-73.450653
12053.210449	-73.943047
12058.593750	-74.214104
12063.977051	-73.852783
12069.360352	-71.061646
12074.743652	-70.377647
12080.126953	-72.196449
12085.510254	-71.604927
12090.893555	-72.850876
12096.276855	-73.898888
12101.660156	-72.921814
12107.043457	-73.733673
12112.426758	-74.881348
12117.810059	-75.245262
12123.193359	-73.663673
12128.576660	-72.494324
12133.959961	-72.154381
12139.343262	-71.459625
12144.726562	-71.700821
12150.109863	-71.796127
12155.493164	-72.488953
12160.876465	-74.371315
12166.259766	-73.257118
12171.643066	-71.848106
12177.026367	-73.663239
12182.409668	-72.472900
12187.792969	-72.398788
12193.176270	-75.906204
12198.559570	-72.601639
12203.942871	-71.900208
12209.326172	-73.512825
12214.709473	-74.744049
12220.092773	-74.176605
12225.476074	-74.606827
12230.859375	-74.663284
12236.242676	-73.602531
12241.625977	-74.331360
12247.009277	-73.480339
12252.392578	-72.867943
12257.775879	-74.271584
12263.159180	-75.329224
12268.542480	-75.227386
12273.925781	-75.468048
12279.309082	-75.336929
12284.692383	-72.896248
12290.075684	-72.051384
12295.458984	-72.257095
12300.842285	-72.793488
12306.225586	-72.943268
12311.608887	-73.257423
12316.992188	-74.244888
12322.375488	-73.163635
12327.758789	-73.794128
12333.142090	-73.758438
12338.525391	-73.090599
12343.908691	-73.532379
12349.291992	-73.598907
12354.675293	-73.002319
12360.058594	-73.604713
12365.441895	-73.813782
12370.825195	-73.470345
12376.208496	-73.563927
12381.591797	-76.139648
12386.975098	-73.049324
12392.358398	-72.666473
12397.741699	-73.797012
12403.125000	-73.230354
12408.508301	-73.384369
12413.891602	-72.809547
12419.274902	-73.006233
12424.658203	-72.932693
12430.041504	-71.647179
12435.424805	-72.938759
12440.808105	-73.481155
12446.191406	-73.675781
12451.574707	-73.435669
12456.958008	-72.708794
12462.341309	-73.805161
12467.724609	-74.578629
12473.107910	-74.412140
12478.491211	-73.409668
12483.874512	-71.684113
12489.257812	-71.707588
12494.641113	-73.114098
12500.024414	-73.187363
12505.407715	-74.480850
12510.791016	-74.550735
12516.174316	-74.067169
12521.557617	-74.285583
12526.940918	-74.547424
12532.324219	-73.901352
12537.707520	-75.213821
12543.090820	-75.549850
12548.474121	-75.508926
12553.857422	-74.507858
12559.240723	-72.333275
12564.624023	-72.831764
12570.007324	-72.687988
12575.390625	-75.348305
12580.773926	-76.011803
12586.157227	-73.538925
12591.540527	-71.072052
12596.923828	-72.284378
12602.307129	-73.414909
12607.690430	-74.411194
12613.073730	-74.810600
12618.457031	-73.904099
12623.840332	-73.579720
12629.223633	-72.766190
12634.606934	-71.117867
12639.990234	-72.335213
12645.373535	-73.516029
12650.756836	-72.549980
12656.140137	-75.097061
12661.523438	-75.340385
12666.906738	-75.223892
12672.290039	-73.649544
12677.673340	-73.814125
12683.056641	-73.480278
12688.439941	-74.284737
12693.823242	-74.566734
12699.206543	-74.740524
12704.589844	-76.774895
12709.973145	-75.613251
12715.356445	-73.579552
12720.739746	-73.802048
12726.123047	-74.293427
12731.506348	-74.502251
12736.889648	-73.836082
12742.272949	-74.973892
12747.656250	-78.904594
12753.039551	-77.176285
12758.422852	-76.609879
12763.806152	-74.837471
12769.189453	-73.954430
12774.572754	-72.525558
12779.956055	-74.781570
12785.339355	-75.196136
12790.722656	-75.514069
12796.105957	-74.104034
12801.489258	-73.120453
12806.872559	-74.165939
12812.255859	-75.092880
12817.639160	-73.611801
12823.022461	-73.222374
12828.405762	-74.738411
12833.789062	-75.653168
12839.172363	-77.243027
12844.555664	-75.170753
12849.938965	-74.949333
12855.322266	-74.825478
12860.705566	-74.131569
12866.088867	-73.039238
12871.472168	-75.155922
12876.855469	-74.157036
12882.238770	-73.590454
12887.622070	-74.818336
12893.005371	-74.293976
12898.388672	-75.204422
12903.771973	-75.186775
12909.155273	-76.652077
12914.538574	-76.384735
12919.921875	-76.757721
12925.305176	-74.979660
12930.688477	-74.935165
12936.071777	-75.475761
12941.455078	-74.838982
12946.838379	-76.590698
12952.221680	-74.099754
12957.604980	-74.382484
12962.988281	-74.432678
12968.371582	-73.258972
12973.754883	-74.091118
12979.138184	-76.437164
12984.521484	-75.726250
12989.904785	-74.641014
12995.288086	-75.153786
13000.671387	-74.876617
13006.054688	-73.492966
13011.437988	-73.154343
13016.821289	-74.723648
13022.204590	-76.151657
13027.587891	-78.243912
13032.971191	-76.881165
13038.354492	-76.852226
13043.737793	-77.363426
13049.121094	-75.710503
13054.504395	-74.336899
13059.887695	-73.407997
13065.270996	-74.212135
13070.654297	-75.291252
13076.037598	-74.114937
13081.420898	-74.067955
13086.804199	-74.902260
13092.187500	-75.994133
13097.570801	-77.390808
13102.954102	-76.228401
13108.337402	-75.541153
13113.720703	-76.209190
13119.104004	-76.902313
13124.487305	-77.707916
13129.870605	-76.700485
13135.253906	-75.075180
13140.637207	-74.228973
13146.020508	-74.535416
13151.403809	-76.402328
13156.787109	-77.106606
13162.170410	-76.327919
13167.553711	-75.189774
13172.937012	-74.094040
13178.320312	-74.899117
13183.703613	-76.630844
13189.086914	-75.533241
13194.470215	-73.594467
13199.853516	-74.892433
13205.236816	-76.241692
13210.620117	-76.142113
13216.003418	-76.650383
13221.386719	-77.505615
13226.770020	-76.663185
13232.153320	-76.321838
13237.536621	-75.163910
13242.919922	-76.240311
13248.303223	-77.496849
13253.686523	-75.251724
13259.069824	-75.293655
13264.453125	-76.707123
13269.836426	-75.610870
13275.219727	-74.098038
13280.603027	-75.652771
13285.986328	-77.127701
13291.369629	-76.631508
13296.752930	-76.587578
13302.136230	-75.842995
13307.519531	-76.813286
13312.902832	-75.713379
13318.286133	-75.068138
13323.669434	-75.776611
13329.052734	-76.586632
13334.436035	-77.226807
13339.819336	-77.014763
13345.202637	-78.093391
13350.585938	-78.341820
13355.969238	-78.929893
13361.352539	-77.510277
13366.735840	-76.237778
13372.119141	-75.090729
13377.502441	-76.103546
13382.885742	-78.591759
13388.269043	-76.288948
13393.652344	-74.852257
13399.035645	-76.432915
13404.418945	-77.427452
13409.802246	-75.478088
13415.185547	-75.785301
13420.568848	-77.535690
13425.952148	-76.316940
13431.335449	-74.746231
13436.718750	-74.932053
13442.102051	-76.185295
13447.485352	-77.041283
13452.868652	-78.575035
13458.251953	-77.337547
13463.635254	-77.118195
13469.018555	-77.712196
13474.401855	-77.902206
13479.785156	-77.887253
13485.168457	-77.889923
13490.551758	-77.870842
13495.935059	-78.291435
13501.318359	-78.358406
13506.701660	-77.484955
13512.084961	-76.374207
13517.468262	-74.592773
13522.851562	-74.772217
13528.234863	-75.587921
13533.618164	-75.635696
13539.001465	-75.477539
13544.384766	-77.792801
13549.768066	-78.689964
13555.151367	-79.551628
13560.534668	-79.872276
13565.917969	-78.283875
13571.301270	-78.508850
13576.684570	-77.430412
13582.067871	-74.963257
13587.451172	-74.238121
13592.834473	-75.885765
13598.217773	-78.082436
13603.601074	-79.095970
13608.984375	-78.352547
13614.367676	-77.227104
13619.750977	-76.656776
13625.134277	-76.930412
13630.517578	-75.847450
13635.900879	-78.543144
13641.284180	-77.601479
13646.667480	-77.674965
13652.050781	-79.063210
13657.434082	-76.787109
13662.817383	-77.152679
13668.200684	-78.639053
13673.583984	-79.533524
13678.967285	-79.329010
13684.350586	-77.555557
13689.733887	-76.215851
13695.117188	-77.357811
13700.500488	-77.190002
13705.883789	-75.940193
13711.267090	-76.313255
13716.650391	-78.048370
13722.033691	-77.530678
13727.416992	-76.970642
13732.800293	-75.896942
13738.183594	-75.245926
13743.566895	-78.468185
13748.950195	-77.891113
13754.333496	-77.652359
13759.716797	-78.863831
13765.100098	-79.399963
13770.483398	-79.360031
13775.866699	-76.347305
13781.250000	-76.614029
13786.633301	-77.998703
13792.016602	-77.540863
13797.399902	-79.264282
13802.783203	-79.678360
13808.166504	-79.405388
13813.549805	-77.460358
13818.933105	-77.423141
13824.316406	-77.705284
13829.699707	-77.568436
13835.083008	-77.788010
13840.466309	-78.291763
13845.849609	-79.459549
13851.232910	-79.878967
13856.616211	-78.384361
13861.999512	-76.664749
13867.382812	-77.064003
13872.766113	-77.689857
13878.149414	-78.649292
13883.532715	-79.877861
13888.916016	-78.346443
13894.299316	-78.921814
13899.682617	-78.413734
13905.065918	-78.157997
13910.449219	-79.299667
13915.832520	-80.100555
13921.215820	-80.966553
13926.599121	-79.434738
13931.982422	-79.299911
13937.365723	-79.307404
13942.749023	-77.891830
13948.132324	-77.513222
13953.515625	-78.649323
13958.898926	-78.176315
13964.282227	-79.422325
13969.665527	-80.374130
13975.048828	-77.020897
13980.432129	-76.936600
13985.815430	-78.883781
13991.198730	-80.028511
13996.582031	-79.126740
14001.965332	-78.558594
14007.348633	-78.165642
14012.731934	-77.689095
14018.115234	-77.913979
14023.498535	-81.369888
14028.881836	-79.292587
14034.265137	-77.647392
14039.648438	-79.259155
14045.031738	-81.409821
14050.415039	-78.700211
14055.798340	-78.655304
14061.181641	-77.332642
14066.564941	-79.369812
14071.948242	-79.866943
14077.331543	-79.512909
14082.714844	-80.320389
14088.098145	-80.896263
14093.481445	-79.365952
14098.864746	-77.939636
14104.248047	-78.406616
14109.631348	-78.310486
14115.014648	-79.483925
14120.397949	-81.198082
14125.781250	-80.101479
14131.164551	-78.998375
14136.547852	-79.600098
14141.931152	-79.604858
14147.314453	-77.969887
14152.697754	-79.729561
14158.081055	-79.994469
14163.464355	-80.572128
14168.847656	-80.553596
14174.230957	-81.011406
14179.614258	-80.661583
14184.997559	-79.198151
14190.380859	-79.178421
14195.764160	-80.792549
14201.147461	-81.401573
14206.530762	-80.457344
14211.914062	-80.148796
14217.297363	-80.622307
14222.680664	-79.172058
14228.063965	-79.965164
14233.447266	-80.197495
14238.830566	-80.428665
14244.213867	-80.475800
14249.597168	-80.964165
14254.980469	-79.502083
14260.363770	-79.295815
14265.747070	-79.807465
14271.130371	-79.568596
14276.513672	-78.657547
14281.896973	-77.397049
14287.280273	-79.537735
14292.663574	-80.097443
14298.046875	-79.531693
14303.430176	-78.113869
14308.813477	-77.923698
14314.196777	-78.825783
14319.580078	-79.709335
14324.963379	-77.600632
14330.346680	-78.615074
14335.729980	-80.567665
14341.113281	-80.557526
14346.496582	-79.203064
14351.879883	-79.198799
14357.263184	-80.342400
14362.646484	-81.902328
14368.029785	-82.386887
14373.413086	-81.835785
14378.796387	-80.598648
14384.179688	-82.459755
14389.562988	-83.240639
14394.946289	-82.236641
14400.329590	-80.361092
14405.712891	-79.338104
14411.096191	-82.189247
14416.479492	-81.605141
14421.862793	-80.675560
14427.246094	-80.473244
14432.629395	-80.844154
14438.012695	-80.886353
14443.395996	-79.893585
14448.779297	-79.672684
14454.162598	-81.127373
14459.545898	-81.043808
14464.929199	-81.770844
14470.312500	-82.041481
14475.695801	-81.464798
14481.079102	-81.364014
14486.462402	-81.428177
14491.845703	-81.608620
14497.229004	-79.853714
14502.612305	-79.958763
14507.995605	-80.229645
14513.378906	-81.118408
14518.762207	-80.452988
14524.145508	-79.429985
14529.528809	-78.912331
14534.912109	-78.925522
14540.295410	-80.965782
14545.678711	-80.967781
14551.062012	-81.280266
14556.445312	-80.172668
14561.828613	-79.987938
14567.211914	-80.311562
14572.595215	-81.042068
14577.978516	-81.873238
14583.361816	-81.379318
14588.745117	-81.320526
14594.128418	-81.649826
14599.511719	-81.372078
14604.895020	-80.457626
14610.278320	-82.023979
14615.661621	-82.877884
14621.044922	-81.012192
14626.428223	-80.935661
14631.811523	-81.305702
14637.194824	-80.075226
14642.578125	-80.880402
14647.961426	-81.817696
14653.344727	-82.141808
14658.728027	-82.083313
14664.111328	-81.324013
14669.494629	-82.318680
14674.877930	-81.143410
14680.261230	-81.717659
14685.644531	-81.790558
14691.027832	-81.535759
14696.411133	-82.137901
14701.794434	-81.856651
14707.177734	-82.171257
14712.561035	-82.160522
14717.944336	-82.110794
14723.327637	-81.040321
14728.710938	-79.270294
14734.094238	-80.419937
14739.477539	-81.219086
14744.860840	-81.147156
14750.244141	-81.939232
14755.627441	-82.059288
14761.010742	-81.900078
14766.394043	-83.549683
14771.777344	-81.906303
14777.160645	-80.986862
14782.543945	-82.081779
14787.927246	-81.311363
14793.310547	-81.946602
14798.693848	-83.169403
14804.077148	-84.060585
14809.460449	-83.659630
14814.843750	-81.633675
14820.227051	-81.957191
14825.610352	-81.988396
14830.993652	-82.985626
14836.376953	-82.180817
14841.760254	-81.780327
14847.143555	-82.595337
14852.526855	-82.922752
14857.910156	-80.917686
14863.293457	-82.378075
14868.676758	-82.501198
14874.060059	-82.195694
14879.443359	-81.917122
14884.826660	-81.949402
14890.209961	-82.289070
14895.593262	-84.030518
14900.976562	-84.587616
14906.359863	-83.292473
14911.743164	-83.477966
14917.126465	-83.460205
14922.509766	-83.152267
14927.893066	-81.671890
14933.276367	-82.622353
14938.659668	-82.954956
14944.042969	-82.229698
14949.426270	-81.999649
14954.809570	-82.007004
14960.192871	-82.464714
14965.576172	-81.401772
14970.959473	-81.336105
14976.342773	-83.007202
14981.726074	-82.448853
14987.109375	-82.560822
14992.492676	-82.908875
14997.875977	-81.152374
15003.259277	-81.399216
15008.642578	-81.268974
15014.025879	-83.015945
15019.409180	-83.343590
15024.792480	-82.119865
15030.175781	-81.177460
15035.559082	-82.177483
15040.942383	-83.172203
15046.325684	-83.936569
15051.708984	-83.235680
15057.092285	-84.477043
15062.475586	-84.882133
15067.858887	-82.799225
15073.242188	-82.532402
15078.625488	-84.504524
15084.008789	-83.730644
15089.392090	-84.093323
15094.775391	-83.454521
15100.158691	-81.408737
15105.541992	-82.120537
15110.925293	-82.955322
15116.308594	-85.169304
15121.691895	-83.733345
15127.075195	-82.609108
15132.458496	-84.154518
15137.841797	-83.774956
15143.225098	-83.025093
15148.608398	-82.876579
15153.991699	-83.250877
15159.375000	-81.880745
15164.758301	-82.316216
15170.141602	-83.127464
15175.524902	-82.384727
15180.908203	-83.715897
15186.291504	-84.844078
15191.674805	-82.759666
15197.058105	-83.735336
15202.441406	-83.156578
15207.824707	-82.556015
15213.208008	-83.317711
15218.591309	-84.114586
15223.974609	-83.862556
15229.357910	-83.607307
15234.741211	-85.014885
15240.124512	-85.092194
15245.507812	-86.067459
15250.891113	-86.200333
15256.274414	-85.261024
15261.657715	-84.612000
15267.041016	-84.496162
15272.424316	-84.243240
15277.807617	-83.925743
15283.190918	-84.123596
15288.574219	-83.538673
15293.957520	-84.104469
15299.340820	-83.173744
15304.724121	-81.476761
15310.107422	-83.418510
15315.490723	-84.284683
15320.874023	-83.255486
15326.257324	-84.504578
15331.640625	-85.083305
15337.023926	-85.699753
15342.407227	-84.684532
15347.790527	-84.237808
15353.173828	-85.344887
15358.557129	-86.082329
15363.940430	-84.460358
15369.323730	-84.797974
15374.707031	-85.226112
15380.090332	-84.970695
15385.473633	-86.494469
15390.856934	-87.173309
15396.240234	-84.344673
15401.623535	-83.259918
15407.006836	-85.921837
15412.390137	-86.831291
15417.773438	-84.815872
15423.156738	-84.941269
15428.540039	-84.871346
15433.923340	-83.252068
15439.306641	-83.839989
15444.689941	-84.959541
15450.073242	-84.919792
15455.456543	-83.920326
15460.839844	-84.868896
15466.223145	-85.027718
15471.606445	-85.280777
15476.989746	-85.643028
15482.373047	-85.036652
15487.756348	-85.502869
15493.139648	-86.859108
15498.522949	-86.955811
15503.906250	-87.192284
15509.289551	-85.428238
15514.672852	-84.736794
15520.056152	-86.705109
15525.439453	-87.277740
15530.822754	-86.133514
15536.206055	-87.745575
15541.589355	-86.247292
15546.972656	-85.514374
15552.355957	-86.086586
15557.739258	-86.222282
15563.122559	-86.578026
15568.505859	-86.288277
15573.889160	-86.357735
15579.272461	-88.321075
15584.655762	-88.944794
15590.039062	-87.881226
15595.422363	-87.780106
15600.805664	-88.024811
15606.188965	-88.477264
15611.572266	-88.191483
15616.955566	-89.576347
15622.338867	-88.974892
15627.722168	-88.341789
15633.105469	-88.685944
15638.488770	-89.906471
15643.872070	-89.906334
15649.255371	-90.345512
15654.638672	-91.388992
15660.021973	-91.350441
15665.405273	-90.231438
15670.788574	-90.776375
15676.171875	-91.282738
15681.555176	-91.262672
15686.938477	-92.430496
15692.321777	-92.587379
15697.705078	-91.942139
15703.088379	-92.169037
15708.471680	-93.305321
15713.854980	-93.305580
15719.238281	-92.424683
15724.621582	-92.938560
15730.004883	-93.790436
15735.388184	-92.760254
15740.771484	-92.636528
15746.154785	-93.517441
15751.538086	-93.101181
15756.921387	-92.171074
15762.304688	-93.283653
15767.687988	-93.218933
15773.071289	-92.846924
15778.454590	-93.326103
15783.837891	-93.206047
15789.221191	-93.202690
15794.604492	-93.218773
15799.987793	-93.097900
15805.371094	-92.670311
15810.754395	-92.740730
15816.137695	-92.932518
15821.520996	-92.585373
15826.904297	-93.143494
15832.287598	-92.770287
15837.670898	-92.938049
15843.054199	-93.452103
15848.437500	-94.579292
15853.820801	-94.726311
15859.204102	-96.212997
15864.587402	-96.999634
15869.970703	-97.626595
15875.354004	-97.665344
15880.737305	-97.970383
15886.120605	-98.370583
15891.503906	-97.425331
15896.887207	-96.735291
15902.270508	-97.817345
15907.653809	-98.394470
15913.037109	-97.397385
15918.420410	-98.042763
15923.803711	-100.133583
15929.187012	-100.709518
15934.570312	-101.087219
15939.953613	-103.329475
15945.336914	-105.722145
15950.720215	-106.781944
15956.103516	-108.198677
15961.486816	-109.706932
15966.870117	-110.330009
15972.253418	-111.338135
15977.636719	-112.856216
15983.020020	-114.370392
15988.403320	-116.168655
15993.786621	-118.304581
15999.169922	-119.596428
16004.553223	-119.101776
16009.936523	-119.040344
16015.319824	-119.753487
16020.703125	-120.215096
16026.086426	-120.263718
16031.469727	-120.885284
16036.853027	-122.208275
16042.236328	-122.330147
16047.619629	-121.588287
16053.002930	-122.471046
16058.386230	-123.277580
16063.769531	-123.622124
16069.152832	-124.255745
16074.536133	-125.692932
16079.919434	-126.370728
16085.302734	-125.568901
16090.686035	-125.811806
16096.069336	-126.992096
16101.452637	-128.574203
16106.835938	-129.221893
16112.219238	-131.427292
16117.602539	-133.033325
16122.985840	-131.859970
16128.369141	-131.310928
16133.752441	-132.072342
16139.135742	-132.782013
16144.519043	-134.768188
16149.902344	-138.247528
16155.285645	-138.674423
16160.668945	-138.089401
16166.052246	-137.004059
16171.435547	-136.852966
16176.818848	-138.229965
16182.202148	-140.557968
16187.585449	-145.013535
16192.968750	-150.996002
16198.352051	-145.802628
16203.735352	-142.257614
16209.118652	-141.502686
16214.501953	-141.351685
16219.885254	-142.871735
16225.268555	-147.264969
16230.651855	-153.560730
16236.035156	-149.222748
16241.418457	-145.260056
16246.801758	-143.707809
16252.185059	-144.137314
16257.568359	-145.656265
16262.951660	-149.234558
16268.334961	-155.515564
16273.718262	-152.005692
16279.101562	-147.705032
16284.484863	-146.562881
16289.868164	-146.189056
16295.251465	-147.111603
16300.634766	-150.653717
16306.018066	-156.970657
16311.401367	-155.146179
16316.784668	-150.576401
16322.167969	-148.526871
16327.551270	-148.516266
16332.934570	-149.805069
16338.317871	-152.591003
16343.701172	-158.330139
16349.084473	-157.985703
16354.467773	-152.874664
16359.851074	-151.159317
16365.234375	-150.852936
16370.617676	-151.270584
16376.000977	-154.246094
16381.384277	-159.785690
16386.767578	-160.680908
16392.150879	-155.881409
16397.534180	-153.525040
16402.917480	-153.144104
16408.300781	-154.151688
16413.684082	-156.232285
16419.067383	-160.898926
16424.450684	-162.661407
16429.833984	-158.219498
16435.217285	-156.226532
16440.600586	-155.903625
16445.983887	-155.998383
16451.367188	-158.141296
16456.750488	-161.094437
16462.133789	-162.693695
16467.517090	-160.509903
16472.900391	-158.554092
16478.283691	-158.300629
16483.666992	-158.928513
16489.050293	-160.231674
16494.433594	-162.443680
16499.816895	-162.754227
16505.200195	-162.281113
16510.583496	-161.558426
16515.966797	-161.336700
16521.350098	-161.185425
16526.733398	-162.083069
16532.116699	-163.834366
16537.500000	-164.536850
16542.883301	-164.525970
16548.266602	-163.298279
16553.649902	-162.601120
16559.033203	-163.026199
16564.416504	-163.410767
16569.799805	-164.539078
16575.183105	-165.432373
16580.566406	-164.515396
16585.949707	-163.469315
16591.333008	-162.932846
16596.716309	-162.337143
16602.099609	-163.268402
16607.482910	-164.512558
16612.866211	-165.871414
16618.249512	-165.107620
16623.632812	-164.315536
16629.016113	-163.519073
16634.399414	-163.599945
16639.782715	-164.101395
16645.166016	-165.215546
16650.549316	-167.363602
16655.932617	-166.200378
16661.315918	-164.950989
16666.699219	-164.920380
16672.082520	-164.778763
16677.465820	-164.858505
16682.849121	-165.118546
16688.232422	-165.076050
16693.615723	-165.010010
16698.999023	-164.475357
16704.382324	-163.711807
16709.765625	-164.041260
16715.148926	-164.125015
16720.532227	-163.821487
16725.915527	-163.323257
16731.298828	-163.427261
16736.682129	-163.546951
16742.065430	-164.140656
16747.448730	-164.263168
16752.832031	-163.926254
16758.215332	-163.737778
16763.598633	-164.265289
16768.981934	-164.487503
16774.365234	-165.170242
16779.748535	-165.427246
16785.131836	-165.188171
16790.515137	-165.358292
16795.898438	-165.402527
16801.281738	-165.988846
16806.665039	-166.382248
16812.048340	-165.632217
16817.431641	-165.772507
16822.814941	-166.563278
16828.198242	-167.014053
16833.581543	-166.485794
16838.964844	-165.920471
16844.348145	-165.827057
16849.731445	-164.967163
16855.114746	-164.792755
16860.498047	-165.136108
16865.881348	-165.563690
16871.264648	-164.892639
16876.647949	-164.127731
16882.031250	-164.101700
16887.414551	-164.517471
16892.797852	-164.457108
16898.181152	-164.404999
16903.564453	-164.783585
16908.947754	-165.385300
16914.331055	-165.655090
16919.714355	-165.907440
16925.097656	-165.524689
16930.480957	-165.791504
16935.864258	-166.510513
16941.247559	-166.392715
16946.630859	-166.506744
16952.014160	-166.871597
16957.397461	-166.353119
16962.780762	-165.358643
16968.164062	-164.216644
16973.547363	-164.322403
16978.930664	-165.382050
16984.313965	-164.969589
16989.697266	-164.982086
16995.080566	-165.713104
17000.463867	-165.969757
17005.847168	-165.830383
17011.230469	-166.240311
17016.613770	-166.240250
17021.997070	-166.198547
17027.380371	-167.388367
17032.763672	-167.927078
17038.146973	-167.931244
17043.530273	-167.740173
17048.913574	-168.117996
17054.296875	-167.472549
17059.680176	-167.073624
17065.063477	-167.901825
17070.446777	-168.178925
17075.830078	-167.802734
17081.213379	-166.940964
17086.596680	-166.071289
17091.979980	-165.902191
17097.363281	-166.777390
17102.746582	-166.539551
17108.129883	-165.982864
17113.513184	-166.021591
17118.896484	-166.343277
17124.279785	-166.444641
17129.663086	-166.057495
17135.046387	-165.292191
17140.429688	-165.402603
17145.812988	-165.608749
17151.196289	-165.172028
17156.579590	-164.496414
17161.962891	-164.239578
17167.346191	-164.266129
17172.729492	-163.968155
17178.112793	-163.808319
17183.496094	-164.175598
17188.879395	-164.274643
17194.262695	-163.392166
17199.645996	-164.037872
17205.029297	-165.056396
17210.412598	-164.192474
17215.795898	-164.189499
17221.179199	-164.877640
17226.562500	-165.326019
17231.945801	-165.445389
17237.329102	-165.149033
17242.712402	-165.499451
17248.095703	-166.254272
17253.479004	-166.139221
17258.862305	-165.807953
17264.245605	-165.851196
17269.628906	-166.057632
17275.012207	-165.569504
17280.395508	-165.410385
17285.778809	-165.444214
17291.162109	-164.622757
17296.545410	-164.508896
17301.928711	-166.326691
17307.312012	-166.283417
17312.695312	-166.033096
17318.078613	-166.871964
17323.461914	-167.271667
17328.845215	-167.264435
17334.228516	-167.567535
17339.611816	-167.103012
17344.995117	-167.074661
17350.378418	-166.710083
17355.761719	-166.315353
17361.145020	-165.161819
17366.528320	-165.004639
17371.911621	-165.206833
17377.294922	-166.013260
17382.678223	-165.675507
17388.061523	-164.372757
17393.444824	-163.845657
17398.828125	-164.520859
17404.211426	-164.243713
17409.594727	-163.526398
17414.978027	-164.656021
17420.361328	-164.546112
17425.744629	-164.088943
17431.127930	-163.915665
17436.511230	-163.557144
17441.894531	-163.813370
17447.277832	-163.901657
17452.661133	-164.462143
17458.044434	-164.847351
17463.427734	-164.538910
17468.811035	-164.554916
17474.194336	-164.784668
17479.577637	-164.432053
17484.960938	-165.089111
17490.344238	-165.249054
17495.727539	-166.526794
17501.110840	-167.104645
17506.494141	-167.079788
17511.877441	-167.054581
17517.260742	-166.688599
17522.644043	-165.680374
17528.027344	-165.818848
17533.410645	-165.824646
17538.793945	-165.427795
17544.177246	-164.918945
17549.560547	-164.232040
17554.943848	-164.321396
17560.327148	-164.337769
17565.710449	-164.666595
17571.093750	-164.037811
17576.477051	-164.306320
17581.860352	-165.092743
17587.243652	-165.307053
17592.626953	-165.128876
17598.010254	-165.207748
17603.393555	-165.265427
17608.776855	-165.843018
17614.160156	-166.407013
17619.543457	-167.311844
17624.926758	-167.224701
17630.310059	-166.345535
17635.693359	-166.001938
17641.076660	-165.559738
17646.459961	-166.057312
17651.843262	-165.581085
17657.226562	-165.494217
17662.609863	-165.183975
17667.993164	-165.017807
17673.376465	-165.143356
17678.759766	-165.115631
17684.143066	-165.238205
17689.526367	-165.427994
17694.909668	-165.104523
17700.292969	-165.491547
17705.676270	-166.307709
17711.059570	-167.414871
17716.442871	-167.421799
17721.826172	-167.423660
17727.209473	-167.225281
17732.592773	-167.531693
17737.976074	-167.665985
17743.359375	-168.375748
17748.742676	-167.847183
17754.125977	-167.658615
17759.509277	-167.669098
17764.892578	-167.312820
17770.275879	-167.519333
17775.659180	-168.049927
17781.042480	-167.854523
17786.425781	-167.262680
17791.809082	-166.836716
17797.192383	-166.336655
17802.575684	-166.315369
17807.958984	-165.358414
17813.342285	-165.627213
17818.725586	-165.241028
17824.108887	-164.773590
17829.492188	-164.827530
17834.875488	-164.380768
17840.258789	-164.703766
17845.642090	-165.127716
17851.025391	-164.285980
17856.408691	-164.341476
17861.791992	-164.661713
17867.175293	-164.054871
17872.558594	-164.175674
17877.941895	-163.791626
17883.325195	-163.715622
17888.708496	-164.133118
17894.091797	-164.993256
17899.475098	-164.677170
17904.858398	-165.256699
17910.241699	-165.239746
17915.625000	-164.765686
17921.008301	-165.084717
17926.391602	-165.182968
17931.774902	-165.672852
17937.158203	-166.117477
17942.541504	-165.655991
17947.924805	-165.294937
17953.308105	-165.281799
17958.691406	-165.525635
17964.074707	-165.035858
17969.458008	-165.481003
17974.841309	-165.259811
17980.224609	-165.311813
17985.607910	-166.106033
17990.991211	-165.403336
17996.374512	-165.427719
18001.757812	-166.597977
18007.141113	-167.174805
18012.524414	-166.904633
18017.907715	-167.431808
18023.291016	-167.332977
18028.674316	-167.268570
18034.057617	-167.173492
18039.440918	-166.419373
18044.824219	-166.571716
18050.207520	-167.147110
18055.590820	-166.858475
18060.974121	-165.977997
18066.357422	-165.319122
18071.740723	-165.751526
18077.124023	-164.430389
18082.507324	-163.591461
18087.890625	-163.869568
18093.273926	-163.520981
18098.657227	-164.247482
18104.040527	-164.728363
18109.423828	-164.518814
18114.807129	-163.926910
18120.190430	-164.326035
18125.573730	-164.442856
18130.957031	-164.576019
18136.340332	-164.568405
18141.723633	-164.510559
18147.106934	-164.080460
18152.490234	-164.116577
18157.873535	-164.928452
18163.256836	-165.285461
18168.640137	-164.474945
18174.023438	-165.002563
18179.406738	-165.903000
18184.790039	-167.242630
18190.173340	-167.602219
18195.556641	-167.552887
18200.939941	-167.024124
18206.323242	-167.902710
18211.706543	-167.974045
18217.089844	-166.642166
18222.473145	-166.066315
18227.856445	-165.453247
18233.239746	-165.336426
18238.623047	-164.855347
18244.006348	-164.683533
18249.389648	-164.704376
18254.772949	-164.790939
18260.156250	-164.247314
18265.539551	-163.196228
18270.922852	-163.627518
18276.306152	-164.349167
18281.689453	-164.716385
18287.072754	-164.939117
18292.456055	-165.454529
18297.839355	-166.050827
18303.222656	-166.172684
18308.605957	-165.251144
18313.989258	-166.095047
18319.372559	-166.990234
18324.755859	-166.723740
18330.139160	-166.427780
18335.522461	-166.012924
18340.905762	-164.491196
18346.289062	-164.372101
18351.672363	-164.565536
18357.055664	-164.645859
18362.438965	-164.180389
18367.822266	-164.800903
18373.205566	-165.434631
18378.588867	-165.344666
18383.972168	-165.436584
18389.355469	-165.692657
18394.738770	-165.609665
18400.122070	-166.223618
18405.505371	-167.378876
18410.888672	-167.512070
18416.271973	-167.563339
18421.655273	-167.041245
18427.038574	-167.373123
18432.421875	-166.824478
18437.805176	-167.187302
18443.188477	-167.438568
18448.571777	-167.615631
18453.955078	-168.046814
18459.338379	-167.335815
18464.721680	-167.171310
18470.104980	-166.822021
18475.488281	-166.509689
18480.871582	-166.657684
18486.254883	-166.861786
18491.638184	-166.856369
18497.021484	-167.129395
18502.404785	-167.101685
18507.788086	-166.337692
18513.171387	-166.136154
18518.554688	-165.968185
18523.937988	-165.474289
18529.321289	-164.616089
18534.704590	-164.454880
18540.087891	-164.295746
18545.471191	-164.133667
18550.854492	-164.292801
18556.237793	-164.629105
18561.621094	-164.665909
18567.004395	-164.376862
18572.387695	-163.703506
18577.770996	-164.081833
18583.154297	-165.393661
18588.537598	-164.874908
18593.920898	-164.432709
18599.304199	-164.883194
18604.687500	-165.623230
18610.070801	-165.390121
18615.454102	-164.933258
18620.837402	-165.343781
18626.220703	-166.373505
18631.604004	-166.023361
18636.987305	-165.372910
18642.370605	-165.077637
18647.753906	-165.019653
18653.137207	-165.228043
18658.520508	-165.223083
18663.903809	-164.723450
18669.287109	-165.668579
18674.670410	-165.499313
18680.053711	-165.726089
18685.437012	-166.430420
18690.820312	-166.807755
18696.203613	-166.773224
18701.586914	-167.657364
18706.970215	-167.929794
18712.353516	-167.241882
18717.736816	-167.385361
18723.120117	-167.398483
18728.503418	-166.710403
18733.886719	-166.336334
18739.270020	-165.706802
18744.653320	-165.924896
18750.036621	-166.003830
18755.419922	-166.010635
18760.803223	-165.062347
18766.186523	-164.637863
18771.569824	-164.953323
18776.953125	-164.762070
18782.336426	-164.281540
18787.719727	-164.082169
18793.103027	-164.862793
18798.486328	-164.835419
18803.869629	-164.922028
18809.252930	-164.286453
18814.636230	-164.132019
18820.019531	-163.936798
18825.402832	-163.586517
18830.786133	-164.308853
18836.169434	-164.681610
18841.552734	-164.479599
18846.936035	-164.646820
18852.319336	-164.779846
18857.702637	-164.090027
18863.085938	-164.302399
18868.469238	-165.414383
18873.852539	-166.251083
18879.235840	-166.957443
18884.619141	-166.637665
18890.002441	-167.084732
18895.385742	-166.709747
18900.769043	-166.381058
18906.152344	-165.988785
18911.535645	-165.809738
18916.918945	-165.720566
18922.302246	-164.847763
18927.685547	-164.515259
18933.068848	-164.596481
18938.452148	-163.604309
18943.835449	-162.916077
18949.218750	-163.598129
18954.602051	-164.482162
18959.985352	-164.522141
18965.368652	-164.891129
18970.751953	-164.845551
18976.135254	-165.203476
18981.518555	-165.484863
18986.901855	-165.851547
18992.285156	-165.829941
18997.668457	-167.436325
19003.051758	-167.513641
19008.435059	-166.445267
19013.818359	-166.818558
19019.201660	-166.516861
19024.584961	-166.254623
19029.968262	-165.607040
19035.351562	-164.480988
19040.734863	-164.256241
19046.118164	-165.103134
19051.501465	-164.686966
19056.884766	-164.972412
19062.268066	-165.634995
19067.651367	-165.243958
19073.034668	-165.158005
19078.417969	-165.489899
19083.801270	-165.728455
19089.184570	-166.151566
19094.567871	-166.738647
19099.951172	-167.106445
19105.334473	-167.091354
19110.717773	-167.082794
19116.101074	-167.153107
19121.484375	-167.522049
19126.867676	-166.872772
19132.250977	-167.155991
19137.634277	-167.352081
19143.017578	-166.865616
19148.400879	-166.507095
19153.784180	-167.327744
19159.167480	-167.376495
19164.550781	-166.787186
19169.934082	-166.155411
19175.317383	-166.554993
19180.700684	-166.903061
19186.083984	-166.657837
19191.467285	-166.309128
19196.850586	-165.910706
19202.233887	-165.688599
19207.617188	-165.113510
19213.000488	-164.471298
19218.383789	-164.650970
19223.767090	-164.567856
19229.150391	-163.824219
19234.533691	-163.867554
19239.916992	-164.972473
19245.300293	-164.494431
19250.683594	-164.210449
19256.066895	-163.931137
19261.450195	-164.273743
19266.833496	-164.286316
19272.216797	-164.763885
19277.600098	-164.557510
19282.983398	-165.153961
19288.366699	-165.258530
19293.750000	-165.368805
19299.133301	-165.561905
19304.516602	-165.283127
19309.899902	-165.551804
19315.283203	-166.496002
19320.666504	-165.735733
19326.049805	-165.408600
19331.433105	-164.575089
19336.816406	-164.257126
19342.199707	-164.863434
19347.583008	-166.447250
19352.966309	-165.652206
19358.349609	-165.917236
19363.732910	-166.677124
19369.116211	-166.867264
19374.499512	-166.462936
19379.882812	-165.780807
19385.266113	-164.971115
19390.649414	-165.749969
19396.032715	-166.168793
19401.416016	-166.011215
19406.799316	-166.987076
19412.182617	-166.650314
19417.565918	-166.378036
19422.949219	-167.463409
19428.332520	-167.501114
19433.715820	-166.281326
19439.099121	-165.775833
19444.482422	-165.283920
19449.865723	-165.043854
19455.249023	-165.334167
19460.632324	-164.856247
19466.015625	-165.171005
19471.398926	-165.359573
19476.782227	-164.897781
19482.165527	-164.333572
19487.548828	-164.740417
19492.932129	-164.100113
19498.315430	-164.244476
19503.698730	-164.398773
19509.082031	-163.966034
19514.465332	-164.040985
19519.848633	-165.021545
19525.231934	-164.715714
19530.615234	-164.745880
19535.998535	-165.033936
19541.381836	-164.791656
19546.765137	-165.121262
19552.148438	-165.763626
19557.531738	-166.214981
19562.915039	-166.278351
19568.298340	-165.892609
19573.681641	-166.508362
19579.064941	-166.871277
19584.448242	-167.741531
19589.831543	-167.313660
19595.214844	-166.276596
19600.598145	-165.763580
19605.981445	-164.837341
19611.364746	-164.495209
19616.748047	-164.282837
19622.131348	-164.898026
19627.514648	-164.821899
19632.897949	-163.777161
19638.281250	-162.951126
19643.664551	-163.275848
19649.047852	-164.096359
19654.431152	-164.873886
19659.814453	-164.734802
19665.197754	-164.874359
19670.581055	-165.579361
19675.964355	-165.588531
19681.347656	-165.788513
19686.730957	-166.042313
19692.114258	-166.565948
19697.497559	-166.878250
19702.880859	-166.271820
19708.264160	-166.205475
19713.647461	-165.951477
19719.030762	-165.159592
19724.414062	-164.279037
19729.797363	-164.073059
19735.180664	-164.489365
19740.563965	-164.831345
19745.947266	-164.967270
19751.330566	-165.270569
19756.713867	-165.093887
19762.097168	-164.966339
19767.480469	-165.722748
19772.863770	-165.886261
19778.247070	-165.949783
19783.630371	-167.017334
19789.013672	-166.790207
19794.396973	-166.948746
19799.780273	-166.510132
19805.163574	-167.478439
19810.546875	-167.176682
19815.930176	-166.521347
19821.313477	-167.199051
19826.696777	-167.395294
19832.080078	-166.591858
19837.463379	-166.567673
19842.846680	-165.835831
19848.229980	-165.860077
19853.613281	-166.251022
19858.996582	-165.796936
19864.379883	-166.009918
19869.763184	-166.554169
19875.146484	-166.959244
19880.529785	-167.160263
19885.913086	-167.083893
19891.296387	-166.230591
19896.679688	-165.413925
19902.062988	-165.597214
19907.446289	-164.898743
19912.829590	-164.291534
19918.212891	-164.274506
19923.596191	-164.494385
19928.979492	-164.416672
19934.362793	-164.539581
19939.746094	-164.812881
19945.129395	-164.631638
19950.512695	-164.095963
19955.895996	-164.578201
19961.279297	-165.293350
19966.662598	-164.655518
19972.045898	-164.539688
19977.429199	-164.718826
19982.812500	-165.354523
19988.195801	-165.377213
19993.579102	-164.886383
19998.962402	-165.419525
20004.345703	-166.039261
20009.729004	-165.848267
20015.112305	-165.119247
20020.495605	-164.997711
20025.878906	-165.293182
20031.262207	-165.246750
20036.645508	-164.863968
20042.028809	-164.445480
20047.412109	-165.383301
20052.795410	-165.191025
20058.178711	-165.200211
20063.562012	-165.846603
20068.945312	-166.649445
20074.328613	-166.729080
20079.711914	-167.520264
20085.095215	-167.745850
20090.478516	-167.033691
20095.861816	-166.755707
20101.245117	-166.012192
20106.628418	-166.130905
20112.011719	-166.184296
20117.395020	-165.844421
20122.778320	-165.341354
20128.161621	-165.626938
20133.544922	-166.131683
20138.928223	-165.985428
20144.311523	-166.133667
20149.694824	-165.439758
20155.078125	-165.422775
20160.461426	-165.469910
20165.844727	-164.919800
20171.228027	-165.223236
20176.611328	-165.374023
20181.994629	-165.773712
20187.377930	-164.536789
20192.761230	-164.451675
20198.144531	-164.152603
20203.527832	-164.098236
20208.911133	-164.569092
20214.294434	-165.045990
20219.677734	-164.510361
20225.061035	-163.866806
20230.444336	-164.426758
20235.827637	-164.717636
20241.210938	-164.921265
20246.594238	-165.108322
20251.977539	-166.464767
20257.360840	-167.045883
20262.744141	-166.898117
20268.127441	-166.628601
20273.510742	-166.850357
20278.894043	-166.592590
20284.277344	-166.451965
20289.660645	-166.005615
20295.043945	-165.625839
20300.427246	-165.220352
20305.810547	-164.400467
20311.193848	-163.906311
20316.577148	-163.733795
20321.960449	-163.610321
20327.343750	-163.865479
20332.727051	-164.248047
20338.110352	-164.462036
20343.493652	-164.584457
20348.876953	-164.783432
20354.260254	-164.789276
20359.643555	-164.764694
20365.026855	-165.686295
20370.410156	-165.249725
20375.793457	-166.051071
20381.176758	-167.079086
20386.560059	-166.177185
20391.943359	-166.170731
20397.326660	-165.773376
20402.709961	-165.937103
20408.093262	-165.866180
20413.476562	-165.637695
20418.859863	-165.352203
20424.243164	-165.106216
20429.626465	-164.787689
20435.009766	-165.083542
20440.393066	-165.566467
20445.776367	-165.424881
20451.159668	-164.672012
20456.542969	-164.473984
20461.926270	-165.404022
20467.309570	-165.698029
20472.692871	-165.366196
20478.076172	-165.852890
20483.459473	-166.981400
20488.842773	-166.870010
20494.226074	-166.994293
20499.609375	-166.296936
20504.992676	-165.751114
20510.375977	-166.606995
20515.759277	-166.763382
20521.142578	-166.154129
20526.525879	-167.325012
20531.909180	-168.049622
20537.292480	-167.155289
20542.675781	-166.665222
20548.059082	-166.052933
20553.442383	-165.793762
20558.825684	-166.629944
20564.208984	-166.269104
20569.592285	-166.328201
20574.975586	-165.780655
20580.358887	-165.217789
20585.742188	-165.876328
20591.125488	-164.934509
20596.508789	-164.885040
20601.892090	-164.911179
20607.275391	-164.037766
20612.658691	-164.177902
20618.041992	-164.862350
20623.425293	-164.285172
20628.808594	-164.306931
20634.191895	-163.987732
20639.575195	-164.112503
20644.958496	-164.388626
20650.341797	-165.347275
20655.725098	-165.210114
20661.108398	-164.893600
20666.491699	-165.087112
20671.875000	-165.195404
20677.258301	-165.303223
20682.641602	-165.241928
20688.024902	-165.566330
20693.408203	-165.641724
20698.791504	-165.230042
20704.174805	-164.949600
20709.558105	-164.210602
20714.941406	-164.273758
20720.324707	-163.850754
20725.708008	-165.120987
20731.091309	-164.911880
20736.474609	-164.599716
20741.857910	-165.488266
20747.241211	-164.777832
20752.624512	-164.606995
20758.007812	-166.154312
20763.391113	-166.345886
20768.774414	-166.041458
20774.157715	-166.349762
20779.541016	-165.841980
20784.924316	-166.423828
20790.307617	-166.904556
20795.690918	-166.148331
20801.074219	-166.817276
20806.457520	-167.330399
20811.840820	-167.346741
20817.224121	-166.011642
20822.607422	-164.994247
20827.990723	-166.369980
20833.374023	-165.884567
20838.757324	-165.787903
20844.140625	-166.275314
20849.523926	-165.820038
20854.907227	-165.308121
20860.290527	-164.916107
20865.673828	-164.866638
20871.057129	-164.943344
20876.440430	-164.829834
20881.823730	-164.579071
20887.207031	-164.470367
20892.590332	-165.007339
20897.973633	-165.104263
20903.356934	-164.593643
20908.740234	-164.253967
20914.123535	-164.614746
20919.506836	-164.876389
20924.890137	-164.651566
20930.273438	-165.061493
20935.656738	-165.876465
20941.040039	-166.412354
20946.423340	-166.579620
20951.806641	-166.449097
20957.189941	-166.877029
20962.573242	-167.967178
20967.956543	-167.450577
20973.339844	-166.427124
20978.723145	-165.934143
20984.106445	-165.138443
20989.489746	-164.851395
20994.873047	-164.889572
21000.256348	-164.751251
21005.639648	-164.514038
21011.022949	-163.978134
21016.406250	-163.985855
21021.789551	-163.621735
21027.172852	-163.624542
21032.556152	-164.066116
21037.939453	-164.298386
21043.322754	-164.977859
21048.706055	-165.573669
21054.089355	-165.686417
21059.472656	-166.314774
21064.855957	-166.727036
21070.239258	-166.593109
21075.622559	-166.782516
21081.005859	-166.670319
21086.389160	-166.513382
21091.772461	-166.462662
21097.155762	-165.712936
21102.539062	-165.775909
21107.922363	-164.568512
21113.305664	-164.243088
21118.688965	-164.200928
21124.072266	-164.820023
21129.455566	-165.333237
21134.838867	-164.806686
21140.222168	-164.660004
21145.605469	-164.352661
21150.988770	-164.838547
21156.372070	-165.497757
21161.755371	-166.792740
21167.138672	-166.261093
21172.521973	-165.860794
21177.905273	-165.555450
21183.288574	-166.395844
21188.671875	-166.304565
21194.055176	-166.083725
21199.438477	-165.678284
21204.821777	-166.179642
21210.205078	-167.092896
21215.588379	-165.618484
21220.971680	-165.379990
21226.354980	-164.974335
21231.738281	-165.819382
21237.121582	-166.570938
21242.504883	-166.781982
21247.888184	-166.757675
21253.271484	-166.726471
21258.654785	-166.656616
21264.038086	-166.316269
21269.421387	-166.379791
21274.804688	-166.966797
21280.187988	-166.373032
21285.571289	-165.482681
21290.954590	-165.069885
21296.337891	-164.991531
21301.721191	-164.326797
21307.104492	-164.167999
21312.487793	-164.341095
21317.871094	-164.286652
21323.254395	-164.416641
21328.637695	-164.305695
21334.020996	-164.894043
21339.404297	-165.358994
21344.787598	-164.519791
21350.170898	-164.593079
21355.554199	-165.119843
21360.937500	-165.509293
21366.320801	-164.968674
21371.704102	-164.329361
21377.087402	-164.930878
21382.470703	-165.915039
21387.854004	-165.933533
21393.237305	-164.958466
21398.620605	-164.757584
21404.003906	-164.784744
21409.387207	-164.471069
21414.770508	-164.349335
21420.153809	-164.469513
21425.537109	-163.953888
21430.920410	-164.036255
21436.303711	-165.496277
21441.687012	-165.814240
21447.070312	-165.645248
21452.453613	-166.453140
21457.836914	-166.965408
21463.220215	-166.714508
21468.603516	-166.997345
21473.986816	-166.927399
21479.370117	-167.032761
21484.753418	-166.431870
21490.136719	-165.950562
21495.520020	-165.647812
21500.903320	-165.942596
21506.286621	-165.683426
21511.669922	-167.023376
21517.053223	-166.811096
21522.436523	-165.998550
21527.819824	-165.715042
21533.203125	-166.159897
21538.586426	-166.185028
21543.969727	-165.693542
21549.353027	-166.070786
21554.736328	-165.855240
21560.119629	-165.186417
21565.502930	-164.629471
21570.886230	-164.799057
21576.269531	-165.235016
21581.652832	-164.677444
21587.036133	-164.667374
21592.419434	-164.684052
21597.802734	-164.354340
21603.186035	-164.642410
21608.569336	-164.807083
21613.952637	-164.426849
21619.335938	-164.568390
21624.719238	-165.501968
21630.102539	-166.346497
21635.485840	-166.600220
21640.869141	-167.684006
21646.252441	-167.529251
21651.635742	-167.012329
21657.019043	-166.024597
21662.402344	-165.931229
21667.785645	-166.460739
21673.168945	-165.832016
21678.552246	-164.711761
21683.935547	-164.306351
21689.318848	-164.460831
21694.702148	-164.142990
21700.085449	-163.993637
21705.468750	-164.258377
21710.852051	-164.025345
21716.235352	-164.284012
21721.618652	-165.313095
21727.001953	-164.770187
21732.385254	-165.073242
21737.768555	-165.437546
21743.151855	-165.813293
21748.535156	-166.060287
21753.918457	-167.241791
21759.301758	-167.833450
21764.685059	-166.790680
21770.068359	-166.043579
21775.451660	-165.990723
21780.834961	-166.045502
21786.218262	-165.742111
21791.601562	-165.834045
21796.984863	-165.525757
21802.368164	-164.881699
21807.751465	-164.419983
21813.134766	-164.108536
21818.518066	-164.535233
21823.901367	-164.647247
21829.284668	-164.153000
21834.667969	-164.745056
21840.051270	-164.892670
21845.434570	-165.337357
21850.817871	-165.523193
21856.201172	-165.550430
21861.584473	-165.540314
21866.967773	-165.795624
21872.351074	-165.327286
21877.734375	-165.713196
21883.117676	-165.517609
21888.500977	-165.673157
21893.884277	-165.287903
21899.267578	-165.691574
21904.650879	-166.082520
21910.034180	-166.427078
21915.417480	-166.726883
21920.800781	-166.923615
21926.184082	-166.330505
21931.567383	-165.728348
21936.950684	-167.386902
21942.333984	-167.021652
21947.717285	-166.459824
21953.100586	-165.945740
21958.483887	-165.867798
21963.867188	-166.090454
21969.250488	-165.192871
21974.633789	-165.034088
21980.017090	-164.602280
21985.400391	-165.037628
21990.783691	-164.970322
21996.166992	-165.038971
22001.550293	-164.473511
22006.933594	-164.235870
22012.316895	-163.931686
22017.700195	-164.526505
22023.083496	-165.186127
22028.466797	-165.707687
22033.850098	-165.398376
22039.233398	-164.937943
22044.616699	-164.700974
